11111111111111111100000000
11111111111111111100000000
11111111111111111110000000
11111111111111111110000000
11111111111111111110000000
11111111111111111100110000
11111111111111111111110100
11111111111111111111011100
11111111111111111111111111
11111111111111111111111000
11111111111111111111111000
11111111111111111111110000
11111111111111110111100000
11111111111111110110000000
11111111111111100000000000
11111111111111000000000000
11111111111110000000000000
01111100111111000000000000
00000001100111000000000000
00000000000001000000000000
