111111111111111111111
111111111111111111111
111111111111111111111
111111111111111111110
111111111111111111110
111111111111111111110
111111111111111111110
111111111111111111110
111111111111111111111
111111111111111111000
111111111111111111000
111111111111111100000
111111111111111100000
111111111111111100000
111111111111111110000
100001111111111110000
000001111111111100000
000111111111111000000
000101111111110000000
000111111110110000000
000011111100000000000
000001100000000000000
000001000000000000000
