11111111111111011111111
11111111111111111111111
11111111111111111111100
11111111111111111111110
11111111111111111111111
11111111111111111111100
11111111111111111111110
11111111111111111111110
11111111111111111111111
11111111111111111111011
11111111111111011100000
11111111111111000000000
11111111111111110000000
11111111111110000000000
11111111111111000000000
11111111111110000000000
11111111111110000000000
11111111111110000000000
01100001111110000000000
00000011100000000000000
00000010110000000000000
00000000010000000000000
