1111111111111111110000
1111111111111111101100
1111111111111111111000
1111111111111111110000
1111111111111111110000
1111111111111111110000
1111111111111111111100
1111111111111111111000
1111111111111111111000
1111111111111111111000
1111111111111111110000
1111111111111111111000
1111111111111111111100
1111111111111111111110
1111111001111111111100
0101110111111111111100
0000110011111111111110
0000101111111111111110
0000000011111000011111
0000000000000000001000
0000000000000000111000
0000000000000000101100
0000000000000000100000
