11111111111111111111110
11111111111111111111111
11111111111111111111100
11111111111111111111111
11111111111111111111101
11111111111111111111110
11111111111111111111110
11111111111111111111100
11111111111111111111100
11111111111111111111000
11111111111111111101000
11111111111111111000000
11111111111111111000000
11111111111111010000000
11111111111111010000000
11111111111111010000000
11111111111001000000000
11111101111000000000000
11111101000000000000000
11101000000000000000000
10000000000000000000000
