1111111111111111111100
1111111111111111111110
1111111111111111111110
1111111111111111111111
1111111111111111111110
1111111111111111111000
1111111111111111111000
1111111111111111111110
1111111111111111111000
1111111111111111111100
1111111111111111101000
1111111111111001100000
1111111111110000000000
1111111111111110000000
1111111111111110000000
1111111111111100000000
1111111111111000000000
1101111111110000000000
1111111111111110000000
0111111111111000000000
0100101001110000000000
0000000000010000000000
