1111111111111111101000000
1111111111111111111111100
1111111111111111111111000
1111111111111111111010000
1111111111111111111111000
1111111111111111111110000
1111111111111111111111110
1111111111111111111111111
1111111111111111111111100
1111111111111111111101110
1111111111111111110001100
1111111111111111010000000
1111111111111111110000000
1111111111111111110000000
0110111111111111100000000
0100111111111111000000000
0000001111111100000000000
0000000111110000000000000
0000000001111000000000000
0000000000111000000000000
0000000000111000000000000
0000000000011000000000000
0000000000001100000000000
