1111111111111111001111110
1111111111111111111111111
1111111111111111111111100
1111111111111111111110000
1111111111111111111100000
1111111111111111111100100
1111111111111111111110100
1111111111111111111111100
1111111111111111111111100
1111111111111111111110000
1111111111111111111000000
1111111111111111100000000
1111111111111111110000000
1111111111111111110000000
1111111111011111111000000
0111111111011111111000000
0011111111001011110000000
0001101100000000000000000
0000011000000000000000000
0000001000000000000000000
0000001000000000000000000
