111111111111110000000
111111111111111100000
111111111111111100000
111111111111111110000
111111111111111111000
111111111111111111000
111111111111111111000
111111111111111110000
111111111111111101000
111111111111111111110
111111111111111111111
111111111111111111111
111111111111111111110
111111111111111111111
111111111111111111000
111111111111111100000
111111111111011100000
111111111111111110000
111111111111010100000
011111111000000000000
000011111000000000000
000001100000000000000
000001000000000000000
