11111111111111111100
11111111111111111111
11111111111111111111
11111111111111111111
11111111111111111111
11111111111111111100
11111111111111110100
11111111111111110100
11111111111111110100
11111111111111111110
11111111111111111100
11111111111111111000
11111111111111110000
11111111111111110000
11111111111111100000
11111111111111100000
11111111111111110000
11111111111111110000
11111001111110000000
11100001111110000000
11000001111110000000
00000000111000000000
00000000111000000000
00000000001000000000
