111111111111111010000000
111111111111111111110111
111111111111111111111110
111111111111111111111110
111111111111111101111110
111111111111111111110100
111111111111111111110000
111111111111111111100000
111111111111111001110000
111111111111110001100000
111111111111111100000000
111111111111110000000000
111111111111111100000000
111111111111110000000000
111111111111111100000000
111111111111111000000000
111111111111110000000000
111111111111100000000000
111111111111000000000000
111111011111000000000000
001100011110000000000000
000000010000000000000000
