11111111111111111111000
11111111111111111111100
11111111111111111111100
11111111111111111111100
11111111111111111111110
11111111111111111111111
11111111111111111000110
11111111111111111010010
11111111111111111111000
11111111111111111111000
11111111111111111110000
11111111111111111111000
11111111111111111000000
11111111111111111100000
11111111111111011000000
11111111111111001110000
11111111101100000000000
11111111100000000000000
11111110000000000000000
11110000000000000000000
11000000000000000000000
11000000000000000000000
11000000000000000000000
