111111111111111111100
111111111111111111110
111111111111111111000
111111111111111111000
111111111111111111000
111111111111111111100
111111111111111111100
111111111111111111110
111111111111111111100
111111111111111111101
111111111111111111111
111111111111111111100
111111111111111110000
111111111111111100000
111111111111111110000
111111111111100010000
111111111111100000000
111111111000100000000
111111111100000000000
111100111000000000000
111101110000000000000
111100010000000000000
001000000000000000000
001100000000000000000
000100000000000000000
