1111111111111111000000000
1111111111111111101100000
1111111111111111111000000
1111111111111111111110000
1111111111111111111110000
1111111111111111111110000
1111111111111111111111000
1111111111111111111111000
1111111111111111111111111
1111111111111111111111110
1111111111111111111111100
1111111111111111011010000
1111111111111111110000000
1111111111111011110000000
1111111111111010000000000
1111111111111110000000000
1111111111001100000000000
0011111011111000000000000
0010111001111000000000000
0000000011010000000000000
