01111111111110000000
11111111111111000000
11111111111111100000
11111111111110100000
11111111111111100000
11111111111111100000
11111111111111111100
11111111111111111000
11111111111111110000
11111111111111111100
11111111111111111111
11111111111111111110
11111111111111111100
11111111111111110000
11111111111111100000
11111111111111111000
11111111111111111000
00111111111111111000
00111111111111110000
00101111001111100000
00100011111111110000
00000011111111000000
00000011110111000000
00000000100111100000
00000001100000000000
00000000100000000000
