1111111111111111100
1111111111111111000
1111111111111111000
1111111111111111100
1111111111111111000
1111111111111111100
1111111111111111110
1111111111111111110
1111111111111111100
1111111111111111110
1111111111111111111
1111111111111111100
1111111111111111100
1111111111111110000
1111111111111100000
1111111111111110000
1111111111111110000
1111110011111110000
1111111111111100000
1011111111111000000
0000111111111000000
0000111111111000000
0000000011111000000
0000000011110000000
0000000000110000000
