11111111111111110011100
11111111111111111110000
11111111111111111110000
11111111111111111111000
11111111111111111100000
11111111111111111110000
11111111111111111110000
11111111111111111110000
11111111111111111110000
11111111111111111110000
11111111111111111111000
11111111111111111111110
11111111111111111111111
11111111111111111110111
11111111111111111110000
11111111111111100010000
11111111111111000110000
11010111111111000000000
11000000001110000000000
10000000001100000000000
00000000001100000000000
