11111111111111111111110
11111111111111111111110
11111111111111111111111
11111111111111111111100
11111111111111111110100
11111111111111111100000
11111111111111111100000
11111111111111111000000
11111111111111111100000
11111111111111111100000
11111111111111111100000
11111111111111111000000
11111111111111110000000
11111111111111110000000
11111111111111100000000
11111111111111100000000
01111111111111100000000
01111111111111000000000
00000011111110000000000
00000001111100000000000
00000000111110000000000
00000001111110000000000
00000000111100000000000
00000000001000000000000
