11111111111111111111110
11111111111111111111111
11111111111111111011100
11111111111111111111110
11111111111111111111110
11111111111111111111100
11111111111111111000000
11111111111111111100000
11111111111111111110000
11111111111111111110000
11111111111111111100000
11111111111111100100000
11111111111111110000000
11111111111111110000000
11111111111111110000000
11111111111111100000000
11111111111111100000000
11111111111111000000000
10011111111111000000000
00000100111111000000000
00000000001010000000000
