111111111111111100000
111111111111111110000
111111111111111111000
111111111111111110000
111111111111111110000
111111111111111110000
111111111111111111100
111111111111111111100
111111111111111111100
111111111111111101111
111111111111111110000
111111111111111110000
111111111111111111000
111111111111111100000
111111111111111000000
111111111111111100000
111111111101100000000
111111111100000000000
111111111000000000000
111111111100000000000
111111111100000000000
000111111000000000000
000111110000000000000
000011110000000000000
000000110000000000000
000000110000000000000
000000100000000000000
