111111111111111111111000
111111111111111111111000
111111111111111111111100
111111111111111111111000
111111111111111111111100
111111111111111111111110
111111111111111111111110
111111111111111111111111
111111111111111111011111
111111111111111111111111
111111111111111110011111
111111111111111100000100
111111111111110100000000
111111111111110000000000
111111111001000000000000
111111111100000000000000
111111111000000000000000
111111111000000000000000
111111110000000000000000
111111100000000000000000
010001100000000000000000
000001000000000000000000
000001000000000000000000
