111111111111111111110
111111111111111111100
111111111111111111110
111111111111111111100
111111111111111111100
111111111111111111111
111111111111111111111
111111111111111111011
111111111111111111100
111111111111111111110
111111111111111111110
111111111111111011100
111111111111111111000
111111111111111100000
111111111111111100000
111111111111110000000
111111111111100000000
111111111111110000000
110111110101000000000
011110110000000000000
011101100000000000000
000001100000000000000
000000100000000000000
