111111111111111111111110
111111111111111111111111
111111111111111111111000
111111111111111111111100
111111111111111111111110
111111111111111111111111
111111111111111111111110
111111111111111111111000
111111111111111111111100
111111111111111111111100
111111111111111111110000
111111111111111111100000
111111111111111111110000
111111111111111101000000
111111111111111000000000
000111111111111000000000
000001111111000000000000
000001110111000000000000
000011100110000000000000
000001100000000000000000
000001100000000000000000
