111111111111111111000
111111111111111100000
111111111111111100000
111111111111111111100
111111111111111111111
111111111111111111110
111111111111111111100
111111111111111111110
111111111111111111100
111111111111111111000
111111111111111101000
111111111111111011100
111111111111111000000
111111111111111100000
111111111111111100000
111111111111111110000
111111111111111100000
111111111111111100000
111111111111110000000
111111110100000000000
110111111000000000000
000000010000000000000
000000010000000000000
