111111111111111110000
111111111111111100000
111111111111111100000
111111111111111100000
111111111111111110000
111111111111111111000
111111111111111111000
111111111111111111100
111111111111111111000
111111111111111111000
111111111111111111000
111111111111111111000
111111111111111111000
111111111111111111000
111111111111111110001
111111111111111111111
111111111111111111000
111111111111111100000
111111111111110100000
001111101111111000000
000000000111000000000
000000000010000000000
000000000010000000000
