111111111111111100000
111111111111111000000
111111111111111110000
111111111111111011100
111111111111111111110
111111111111111111111
111111111111111111111
111111111111111111100
111111111111111111111
111111111111111111100
111111111111111111000
111111111111111111000
111111111111110000000
111111111111100000000
111111111111100000000
111111011111100000000
111111111111110000000
111101110111111100000
110000000111111110000
110000000111111100000
000000001111111000000
000000000011111000000
000000000001111000000
000000000111111000000
000000000001100000000
000000000001000000000
000000000001100000000
