111111111111111111000000
111111111111111111100000
111111111111111111100000
111111111111111111111100
111111111111111111111110
111111111111111111111100
111111111111111111100000
111111111111111111100000
111111111111111111111111
111111111111111111111100
111111111111111111101000
111111111111111111000000
111111111111111111000000
111111111110100000000000
111111111110000000000000
111111111111000000000000
111111111100000000000000
111111111000000000000000
111111111000000000000000
111111111000000000000000
111111110000000000000000
101001110000000000000000
100001000000000000000000
