11111111111111111100000
11111111111111111110000
11111111111111111111000
11111111111111111111100
11111111111111111111100
11111111111111111111100
11111111111111111111110
11111111111111111111111
11111111111111111111110
11111111111111111110010
11111111111111111110000
11111111111111111110000
11111111111111111110000
11111111111111111000000
11111111111111110000000
11111110100110110000000
11111100000110000000000
11111100000100000000000
11111110000000000000000
11111111000000000000000
01001111000000000000000
00001110000000000000000
00111000000000000000000
