111111111111111110000
111111111111111111100
111111111111111111000
111111111111111111101
111111111111111111111
111111111111111111111
111111111111111111110
111111111111111111100
111111111111111111110
111111111111111101111
111111111111111111000
111111111111111111000
111111111111111000000
111111111111111000000
111111111111111100000
111111111111111100000
111111111101111111000
111111100000100111000
111111100000000001000
111111111000000001000
011101101000000000000
011100000000000000000
001100000000000000000
