1111111111111111111100
1111111111111111111111
1111111111111111111000
1111111111111111111110
1111111111111111111110
1111111111111111111111
1111111111111111111111
1111111111111111111110
1111111111111111111100
1111111111111111111100
1111111111111111111000
1111111111111110111000
1111111111111100111000
1111111111111110000000
1111111111110000000000
1111111111111100000000
1111111111110100000000
1111111110000000000000
1111111100000000000000
1111111111100000000000
1111010000000000000000
1000000000000000000000
