11111111111111111110000
11111111111111111111000
11111111111111111111111
11111111111111111111111
11111111111111111111110
11111111111111111111110
11111111111111111111010
11111111111111111111000
11111111111111111110000
11111111111111111110000
11111111111111100000000
11111111111111110000000
11111111111111110000000
11111111111111110000000
11111111111111110000000
11111111111111110000000
11111111110111000000000
11111100100100000000000
11111100000000000000000
11111100000000000000000
11110000000000000000000
11110000000000000000000
11100000000000000000000
11100000000000000000000
