11111111111111111100
11111111111111111000
11111111111111111000
11111111111111111001
11111111111111111111
11111111111111111100
11111111111111111110
11111111111111111110
11111111111111111111
11111111111111111110
11111111111111111110
11111111111111111100
11111111111111111000
11111111111111111000
11111111111111001000
11111111111100000000
11111111111000000000
11111111100000000000
11111111100000000000
11111111100000000000
11111100000000000000
11111100000000000000
11100100000000000000
11110000000000000000
01100000000000000000
01110000000000000000
01100000000000000000
01000000000000000000
