111111111111111111110
111111111111111110110
111111111111111111100
111111111111111111111
111111111111111111101
111111111111111111100
111111111111111111111
111111111111111111110
111111111111111111000
111111111111111111000
111111111111111000000
111111111111111100000
111111111111011100000
111111111111000100000
111111111111000000000
111111111101000000000
111111111100000000000
111111111100000000000
111111111100000000000
111111111100000000000
111111101000000000000
111111111000000000000
111111100000000000000
111100100000000000000
001100100000000000000
001000000000000000000
