111111111111111111000
111111111111111111000
111111111111111110000
111111111111111100000
111111111111111100000
111111111111111111110
111111111111111111111
111111111111111110111
111111111111111100000
111111111111111100000
111111111111111100000
111111111111111000000
111111111111111000000
111111111111101000000
111111111111010000000
111111111111110000000
111111111111111000000
111111111111110000000
111111111111100000000
111111111100000000000
111111111100000000000
111111110000000000000
111111111000000000000
011110001000000000000
000010000000000000000
