1111111111111111111000
1111111111111111111010
1111111111111111111111
1111111111111111111100
1111111111111111100000
1111111111111111111100
1111111111111111111110
1111111111111111111111
1111111111111111111111
1111111111111111111111
1111111111111111111100
1111111111111111111111
1111111111111111111110
1111111111111111111110
1111111111111110100000
1111111111110100000000
1111111101100000000000
1111111100000000000000
0011111100000000000000
0010111000000000000000
0000111000000000000000
0000010000000000000000
