11111111111111110000000
11111111111111100000000
11111111111111100000000
11111111111111110000000
11111111111111110000000
11111111111111111100000
11111111111111111111000
11111111111111111010000
11111111111111111110000
11111111111111111100000
11111111111111111110000
11111111111111111110000
11111111111111111111111
11111111111111111111000
11111111111111111000000
11111111111111111000000
11111111111111110000000
11111111111111111100000
11111111101111110000000
01111100000001110000000
00011000000000011000000
00000000000000011000000
