111111111111111110000
111111111111111110000
111111111111111110000
111111111111111111100
111111111111111111100
111111111111111111100
111111111111111111110
111111111111111111110
111111111111111111111
111111111111111111111
111111111111111111110
111111111111111111100
111111111111111111110
111111111111111111110
111111111100111111111
111111111100000011100
011111111110000000000
000111111100000000000
000111111110000000000
001111111100000000000
000001011110000000000
000001111110000000000
000000111100000000000
000000100000000000000
