111111111111111111110
111111111111111111110
111111111111111111111
111111111111111111111
111111111111111111110
111111111111111111110
111111111111111111100
111111111111111111100
111111111111111111100
111111111111111110000
111111111111111100000
111111111111111100000
111111111111111000000
111111111111100000000
111111111111100000000
111111111111000000000
111111111111000000000
111111111111000000000
111111111111100000000
111111111111000000000
111111111111000000000
100000001011000000000
100000000010000000000
000000000010000000000
