111111111111111111111111
111111111111111111110010
111111111111111111111000
111111111111111111000000
111111111111111111000000
111111111111111111111000
111111111111111111001100
111111111111111111001000
111111111111111111100000
111111111111111110000000
111111111111111100000000
111111111111111110000000
111111111111111111000000
111111111111111000000000
111111111111111000000000
111111111111111000000000
011111111111110000000000
011111111111100000000000
011111111111110000000000
001111111111100000000000
000000011100000000000000
000000011100000000000000
000000001000000000000000
