1111111111111111000000
1111111111111111110000
1111111111111111000000
1111111111111111000000
1111111111111111000000
1111111111111111110000
1111111111111111110000
1111111111111111110000
1111111111111111111000
1111111111111111111100
1111111111111111111100
1111111111111111111111
1111111111111111111110
1111111111111111111110
1111111111111111000000
1111111111111000000000
1111111111111000000000
1111111111111100000000
1111111111111000000000
0111111111101100000000
0111110100000000000000
0001110000000000000000
