111111111111111111111000
111111111111111111111000
111111111111111111111000
111111111111111111111101
111111111111111111111111
111111111111111111111111
111111111111111111111110
111111111111111111111100
111111111111111111111000
111111111111111111110000
111111111111111111000000
111111111111111110000000
111111111111111111100000
111111111111111111100000
111111111111111111000000
111111111100011111000000
111111101100001000000000
011110100110000000000000
011110000000000000000000
110000000000000000000000
