111111111111111111111111
111111111111111111111111
111111111111111111111111
111111111111111111110001
111111111111111111100000
111111111111111111100000
111111111111111111100000
111111111111111110100000
111111111111111111110000
111111111111111111100000
111111111111111111000000
111111111111111111100000
111111111111111111100000
111111111111111110000000
111111111111111111000000
111111111111111100000000
101111111101100000000000
001111111110000000000000
000111111110000000000000
000111111000000000000000
000100000000000000000000
