111111111111111110000
111111111111111100000
111111111111111111100
111111111111111100000
111111111111111110000
111111111111111110000
111111111111111110000
111111111111111110000
111111111111111110000
111111111111111000000
111111111111110000000
111111111111100000000
111111111111111000000
111111111111100000000
111111111111101111000
111111111111111111111
111111111111111111110
111111111111110010100
111111101111110000000
111111101111111100000
111110000011011100000
111110000010001110000
011010000000000000000
011000000000000000000
