111111111111111111000
111111111111111111100
111111111111111111100
111111111111111111110
111111111111111111111
111111111111111111111
111111111111111111110
111111111111111111111
111111111111100100111
111111111111100000010
111111111111110000000
111111111111110000000
111111111111100000000
111111111111111000000
111111111111110000000
111111111111000000000
111111111111110000000
111111111100100000000
111111111100000000000
111111111100000000000
111111111100000000000
101111110000000000000
111111110000000000000
011111010000000000000
001000000000000000000
