1111111111111111111111110
1111111111111111111111110
1111111111111111111111011
1111111111111111111111001
1111111111111111111111001
1111111111111111111101000
1111111111111111111100000
1111111111111111111100000
1111111111111111110100000
1111111111111111111110000
1111111111111111111000000
1111111111111111111100000
1111111111111111110000000
1111111111111111000000000
1111111111111100000000000
1111111111111000000000000
1111111110010000000000000
1111111110000000000000000
1111111100000000000000000
1001100000000000000000000
