111111111111111111100
111111111111111111100
111111111111111111110
111111111111111111111
111111111111111111100
111111111111111111100
111111111111111110000
111111111111111110000
111111111111111110000
111111111111111100000
111111111111111110000
111111111111111111000
111111111111111111100
111111111111111001000
111111111111111100000
111111111111100000000
111111111111000000000
111111111111100000000
111111111010000000000
111111111000000000000
011111110000000000000
011111110000000000000
000110100000000000000
000111000000000000000
000100000000000000000
000110000000000000000
