1111111111111111111000
1111111111111111111100
1111111111111111111100
1111111111111111111111
1111111111111111111000
1111111111111111111000
1111111111111111110000
1111111111111111110000
1111111111111111000000
1111111111111111110000
1111111111111111111000
1111111111111110000000
1111111111111111000000
1111111111111111000000
1111111111111110000000
1111111111111000000000
1111110011110000000000
1111111111111000000000
1111110011111000000000
0111111111111000000000
0111111111111000000000
0111100111100000000000
0001000000000000000000
