111111111111111111110000
111111111111111111100000
111111111111111111111000
111111111111111111111100
111111111111111111111100
111111111111111111111111
111111111111111111111100
111111111111111111111000
111111111111111111111100
111111111111111111110000
111111111111111111110000
111111111111111111110000
111111111111111111111000
111111111111111111111000
111111111111111000000000
011111111111111000000000
001111111011111000000000
000000111000011110000000
000000000000111100000000
000000000000011000000000
