11111111111110000000
11111111111111000000
11111111111110100000
11111111111111110000
11111111111111110000
11111111111111110111
11111111111111111110
11111111111111111110
11111111111111111110
11111111111111111110
11111111111111111110
11111111111111110000
11111111111111111000
11111111111111110000
11111111111111110000
11111111111110111000
11111111111110101000
11111111111100000000
11111111111000000000
11111111111100000000
11111111111100000000
10111110111100000000
00111110000100000000
00110000000000000000
00100000000000000000
