111111111111111110000
111111111111111110000
111111111111111111111
111111111111111111110
111111111111111111110
111111111111111111110
111111111111110111110
111111111111110110010
111111111111110000000
111111111111110000000
111111111111011100000
111111111111101111000
111111111111111110000
111111111111111111000
011111111111111111000
001111111111111101000
011111111111111000000
011111111111111100000
111111111111111000000
001111111111100000000
001111001111110000000
001100001110000000000
000000000010000000000
