11111111111111111000
11111111111111111000
11111111111111111000
11111111111111111110
11111111111111111110
11111111111111111110
11111111111111111100
11111111111111111110
11111111111111111100
11111111111111111100
11111111111111111100
11111111111111111110
11111111111111111111
11111111111111111111
11111111111111111001
11111111111111111000
11111111111111011000
11111111111110010000
00111111101110000000
00001110100000000000
00111110000000000000
00011110000000000000
00000111000000000000
00000100000000000000
