111111111111111111110
111111111111111111111
111111111111111110010
111111111111111110000
111111111111111111100
111111111111111100000
111111111111111111000
111111111111110111000
111111111111110000000
111111111111111000000
111111111111111000000
111111111111111100000
111111111111111100000
111111111111111100000
111111111111111110000
111111111111111110000
111111111111100100000
111111111111100000000
111111111110000000000
001111111111000000000
011111111010000000000
001111111110000000000
011110011110000000000
000110010100000000000
