11111111111111111110000
11111111111111111111000
11111111111111111111100
11111111111111111111000
11111111111111111111000
11111111111111111111110
11111111111111111111110
11111111111111111111110
11111111111111111111110
11111111111111111111000
11111111111111111111110
11111111111111111111111
11111111111111111000000
11111111111111101000000
11111111111111100000000
01111111111111100000000
00111111111100100000000
01110011111101100000000
00000011111110000000000
00000010110100000000000
00000000010000000000000
