1111111111111111000
1111111111111111000
1111111111111111110
1111111111111111110
1111111111111111111
1111111111111111111
1111111111111111110
1111111111111111110
1111111111111111100
1111111111111111100
1111111111111111100
1111111111111111110
1111111111111111000
1111111111111111000
1111111111111111000
1111111111110000000
1111111111100000000
1111111111110000000
1111111111111000000
1111111111110000000
1111111111110000000
1111111111000000000
0001111100000000000
0001000100000000000
0000000100000000000
