111111111111111111110000
111111111111111111111000
111111111111111111110000
111111111111111111110000
111111111111111111110000
111111111111111111110000
111111111111111111100000
111111111111111111111000
111111111111111111111100
111111111111111111111111
111111111111111111111110
111111111111111111110100
111111111111111101111000
111111111111111111111000
111111111111111110000000
111111111111111100000000
111111110001111000000000
111001100000111000000000
110000000000010000000000
110000000000000000000000
