111111111111111111000
111111111111111110000
111111111111111111000
111111111111111111000
111111111111111111001
111111111111111111101
111111111111111111111
111111111111111111110
111111111111111111100
111111111111111111100
111111111111111111110
111111111111111111111
111111111111111111110
111111111111111111100
111111111111101111110
111111111000001000011
111111111000000000010
001111111111000000000
000111111110000000000
000111111000000000000
000111111110000000000
000001111100000000000
000001100100000000000
