11111111111111111111111
11111111111111111111110
11111111111111111111100
11111111111111111111110
11111111111111111111110
11111111111111111111110
11111111111111111111110
11111111111111111111111
11111111111111111111111
11111111111111111111111
11111111111111111111000
11111111111111111100000
11111111111111110000000
11111111111111110000000
11111111111111000000000
11101111111111000000000
00001111111001000000000
00001001110000000000000
00000011111110000000000
00000000111000000000000
00000001111100000000000
00000000011000000000000
