111111111111111111110000
111111111111111111110000
111111111111111111100000
111111111111111111111110
111111111111111111111110
111111111111111111111100
111111111111111111111100
111111111111111111111100
111111111111111111111001
111111111111111111101111
111111111111111111111111
111111111111111011110000
111111111111111100100000
111111111111111100000000
111111111110111100000000
111111110110000000000000
111111110000000000000000
111111110000000000000000
111110010000000000000000
111110000000000000000000
011100000000000000000000
111000000000000000000000
