11111111111111111111
11111111111111111110
11111111111111111111
11111111111111111110
11111111111111111110
11111111111111111110
11111111111111111110
11111111111111111110
11111111111111111111
11111111111111111111
11111111111111111110
11111111111111111111
11111111111111111110
11111111111111111110
11111111111111111000
11111111111111111000
11111111110111111000
00111111100111000000
00111111000100000000
01101111000000000000
00000110000000000000
00000011000000000000
00000010000000000000
00000010000000000000
