1111111111111111100000
1111111111111111000000
1111111111111110110000
1111111111111111110000
1111111111111111111100
1111111111111111111110
1111111111111111111111
1111111111111111111100
1111111111111111111100
1111111111111111111110
1111111111111111110010
1111111111111101110000
1111111111111111110000
1111111111111110011000
1111111111111110010000
1111111111001000000000
1111111111101100000000
1111111111110100000000
0111111001000000000000
0001111110000000000000
0011111111000000000000
0001110111110000000000
0000110001100000000000
0000100000000000000000
