11111111111111111100
11111111111111111100
11111111111111111111
11111111111111111111
11111111111111111011
11111111111111111000
11111111111111111000
11111111111111111100
11111111111111111100
11111111111111110000
11111111111111111100
11111111111111111100
11111111111111110000
11111111111111111000
11111111111111111100
11100111111111111100
11111111111111100000
11111111111100000000
11111111111000000000
00101111110000000000
00000111110000000000
00001111110000000000
00001111100000000000
00000011000000000000
00000001100000000000
