1111111111111111111110
1111111111111111111111
1111111111111111111100
1111111111111111111000
1111111111111111110000
1111111111111111110000
1111111111111111110000
1111111111111111111100
1111111111111111100000
1111111111111110100000
1111111111110000100000
1111111111111000000000
1111111111111000000000
1111111111111100000000
1111111111111000000000
1111111111111000000000
1111111111110000000000
1111111111110000000000
1111111111111100000000
1111111111111100000000
1111111111100000000000
1111111110000000000000
1110111000000000000000
1100011000000000000000
