1111111111111100110
1111111111111111100
1111111111111111000
1111111111111111100
1111111111111111110
1111111111111111100
1111111111111111100
1111111111111111100
1111111111111111100
1111111111111111000
1111111111111111100
1111111111111111100
1111111111111111110
1111111111111111110
1111111111111111111
1111111111111111010
1111111111111111110
1111111111111101000
1111111111111001110
0011101111100000110
0001110111000000010
0000110111000000000
0000000010000000000
0000000110000000000
0000000010000000000
