111111111111111111110100
111111111111111111111100
111111111111111111111111
111111111111111111111111
111111111111111111111111
111111111111111111111111
111111111111111111111110
111111111111111111111110
111111111111111111111111
111111111111111111111110
111111111111111111100000
111111111111111110000000
111111111111111110000000
111111111111111000000000
111110111110110000000000
111110111110111000000000
111110000011000000000000
111111000000000000000000
111011000000000000000000
111011000000000000000000
001000000000000000000000
