111111111111110000
111111111111110000
111111111111110111
111111111111111010
111111111111111110
111111111111111110
111111111111111111
111111111111111110
111111111111111110
111111111111111110
111111111111111110
111111111111110110
111111111111111100
111111111111110000
111111111111111100
111111111111100000
111111111111111000
111111111111110000
111111111111110000
111111111111000000
111111111111000000
111111111000000000
101111111000000000
000001111000000000
000001110000000000
000001000000000000
000001000000000000
