1111111111111110110000
1111111111111111110000
1111111111111111100100
1111111111111111111100
1111111111111111111111
1111111111111111111111
1111111111111111111011
1111111111111111111110
1111111111111111111110
1111111111111111111000
1111111111111111111000
1111111111111111110000
1111111111111111110000
0111111111111111110000
0111111111111110010000
0011111111111110000000
0111111111111111100000
0000111011111101100000
0111110001111111000000
0101000000111110000000
0001000000011000000000
0000000000010000000000
