11111111111111111010000000
11111111111111111110000000
11111111111111111110001111
11111111111111111111001100
11111111111111111111110111
11111111111111111111111110
11111111111111111111110000
11111111111111111111110000
11111111111111111111110000
11111111111111111111110000
11111111111111111111100000
11111111111111110111100000
11111111111111110011100000
11111111110011100010000000
11111111100001100000000000
11111111000000000000000000
11111111000000000000000000
11111111100000000000000000
11111111111000000000000000
01111110100000000000000000
00000000100000000000000000
00000000100000000000000000
