1111111111111110000000
1111111111111111001100
1111111111111111111000
1111111111111111010000
1111111111111111111000
1111111111111111100000
1111111111111111100010
1111111111111111111110
1111111111111111111111
1111111111111111110011
1111111111111111110000
1111111111111111110000
1111111111111111111100
1111111111111111110000
1111111111111110010000
1111111111111111000000
1111111110110111000000
1111111110000111000000
1111111111100110000000
1111010111100000000000
1111000110000000000000
1100000000000000000000
1100000000000000000000
