111111111111111111100
111111111111111111110
111111111111111111111
111111111111111111110
111111111111111111110
111111111111111101100
111111111111111111100
111111111111111110000
111111111111111111000
111111111111111111000
111111111111111111100
111111111111111111000
111111111111111111110
111111111111111111111
111111111111111111110
111111111111111111110
111111001110111110000
111111110000000100000
111111111000000000000
000001100000000000000
000011100000000000000
000001100000000000000
000001100000000000000
000000100000000000000
