1111111111111111111111
1111111111111111111110
1111111111111111111100
1111111111111111111000
1111111111111111111000
1111111111111111111100
1111111111111111110000
1111111111111111110000
1111111111111111111100
1111111111111111111000
1111111111111111111000
1111111111111111110000
1111111111111111100000
1111111111111111110000
1111111111111110100000
1111111111111110000000
1111111111111100000000
0011111111111000000000
0011110111111100000000
0011111100101000000000
0011110100000000000000
0011000000000000000000
