111111111111111111110000000
111111111111111111110000000
111111111111111111111110000
111111111111111111111111000
111111111111111111111111111
111111111111111111111111101
111111111111111111111111100
111111111111111111110110000
111111111111111111110010000
111111111111111111000000000
111111111111111110000000000
111111111111111100000000000
111111111111111000000000000
111111111111110000000000000
111111111111111000000000000
111111111111111100000000000
011111111101111110000000000
011001111111100000000000000
000000111110000000000000000
000000100000000000000000000
