11111111111111111111110000
11111111111111111111111000
11111111111111111111111110
11111111111111111111111111
11111111111111111111111111
11111111111111111111111110
11111111111111111111111110
11111111111111111111111100
11111111111111111111111100
11111111111111111111111000
11111111111111111111110000
11111111111111110011110000
11111111111101110000000000
11111111110100010000000000
11111111111100000000000000
11111110111100000000000000
11111110000000000000000000
11111110000000000000000000
00100000000000000000000000
