11111111111111100000000
11111111111111110000000
11111111111111111100000
11111111111111111111000
11111111111111111100000
11111111111111111111100
11111111111111111111100
11111111111111111111110
11111111111111111111011
11111111111111111111000
11111111111111111110000
11111111111111111111100
11111111111111111111000
11111111111111111100000
11111111111111111000000
11111111111111110000000
11111111111111111000000
11111111111110100000000
11101111000000000000000
11001011100000000000000
00000000100000000000000
