11111111111111111111111
11111111111111111111110
11111111111111111111110
11111111111111111111110
11111111111111111111111
11111111111111111111100
11111111111111111111000
11111111111111111111000
11111111111111111001000
11111111111111111110000
11111111111111111100000
11111111111111101110000
11111111111111100000000
11111111111111100000000
11111111111111000000000
11111111111111100000000
11111111111110000000000
11111111111111000000000
11111101111000000000000
11111100000000000000000
01001000000000000000000
