11111111111111111110
11111111111111111110
11111111111111111111
11111111111111111111
11111111111111111111
11111111111111110100
11111111111111111000
11111111111111110000
11111111111111111000
11111111111111111000
11111111111111101000
11111111111110000000
11111111111111110000
11111111111111100000
11111111111101100000
11111111111110000000
11111111111111000000
11111111111110000000
11111111111000000000
11111111111000000000
11111111100000000000
11111111110000000000
11111010010000000000
11100000000000000000
10000000000000000000
10000000000000000000
