1111111111111111111100000
1111111111111111111111010
1111111111111111111111110
1111111111111111111111111
1111111111111111111111111
1111111111111111111111000
1111111111111111111010000
1111111111111111110000000
1111111111111111111100000
1111111111111111111110000
1111111111111111111100000
1111111111111111111110000
1111111111111111100010000
1111111111111101000000000
1111111111111000000000000
1111111111111000000000000
1111111111110000000000000
1111110001110000000000000
0001110011110000000000000
0000010001100000000000000
