1111111111111111111111
1111111111111111111000
1111111111111111111000
1111111111111111111000
1111111111111111111000
1111111111111111110000
1111111111111111111000
1111111111111111111000
1111111111111111110000
1111111111111111110000
1111111111111111100000
1111111111111111100000
1111111111111111111000
1111111111111110000000
1111111111111111100000
1111111111111111100000
1111111111111000000000
1011111111111100000000
0111111111111110000000
0111100011111100000000
0110100010011000000000
0010000000000000000000
