111111111111111000000000000
111111111111111110000000000
111111111111111111100000000
111111111111111111111000000
111111111111111111111110000
111111111111111111111110000
111111111111111111100111111
111111111111111111111010000
111111111111111111110000000
111111111111111111110000000
111111111111111111000000000
111111111111111111000000000
111111111111111111100000000
111111111111111100100000000
111111111111111111000000000
111111111111111100000000000
111111111111101000000000000
111111110111100000000000000
111111110110000000000000000
011100000000000000000000000
