111111111111111111100000
111111111111111111110000
111111111111111111100000
111111111111111111111110
111111111111111111111100
111111111111111111111110
111111111111111111111110
111111111111111111111111
111111111111111111111111
111111111111111111111111
111111111111111110111010
111111111111111111011000
111111111111111010000000
111111111111111100000000
111111111111111111000000
111111111110011100000000
111111110000111000000000
011011110000001000000000
011001100000000000000000
010000100000000000000000
