11111111111111111110000000
11111111111111111111000000
11111111111111111110000100
11111111111111111111111100
11111111111111111111111111
11111111111111111111111110
11111111111111111111111111
11111111111111111111111100
11111111111111111111111000
11111111111111111101100000
11111111111111111101100000
01111111111111111100000000
11111111111111111101000000
11111111111111111101000000
11111111111111111111000000
10011111111110111001000000
00111110000111000000000000
00000100000010000000000000
00000100000011000000000000
