1111111111111101110000
1111111111111111111110
1111111111111111111100
1111111111111111111100
1111111111111111111000
1111111111111111111000
1111111111111111111000
1111111111111111111000
1111111111111111111100
1111111111111111111000
1111111111111111111111
1111111111111111111111
1111111111111111101000
1111111111111011100000
1111111111110111000000
1111111111111110000000
1111111111011110000000
1111111011111000000000
1111011111111000000000
1111101100010000000000
1000000000000000000000
1000000000000000000000
