111111111111111111100000
111111111111111111110110
111111111111111111110110
111111111111111111111111
111111111111111111111111
111111111111111111111000
111111111111111111111100
111111111111111111111110
111111111111111111111110
111111111111111111111110
111111111111111111111100
111111111111111111001100
111111111111110001000000
111111111111110011110000
111111111111110000000000
111111111110000000000000
111111111110000000000000
111111111110000000000000
000011101000000000000000
000000001000000000000000
