111111111111111110000000
111111111111111100100000
111111111111111100100000
111111111111111111110000
111111111111111111110000
111111111111111111110000
111111111111111111110000
111111111111111111110100
111111111111111111111110
111111111111111111111100
111111111111111111111111
111111111111111111001100
111111111111111111000000
111111111111111110000000
111111111101111110000000
111111111101011110000000
111111111100001000000000
111111111100001000000000
100111111100000000000000
100111111110000000000000
100011000000000000000000
