30	36	105
30	40	96
30	36	95
30	34	118
30	40	96
30	32	96
30	36	105
30	38	107
30	32	96
30	32	106
30	34	95
30	34	125
30	42	99
30	32	97
30	36	81
30	32	119
30	36	107
30	36	118
30	36	95
30	34	96
30	32	117
30	34	95
30	40	96
30	38	80
30	34	105
30	40	89
30	32	103
30	38	98
30	36	100
30	30	106
30	34	106
30	38	95
30	34	103
30	32	102
30	38	96
30	38	95
30	34	105
30	32	105
30	38	89
30	38	103
30	36	124
30	32	96
30	30	128
30	36	93
30	36	92
30	32	123
30	34	98
30	34	105
30	46	81
30	32	98
30	40	81
30	34	91
30	38	89
30	34	100
30	34	105
30	34	100
30	36	125
30	38	98
30	36	128
30	38	89
30	38	120
30	38	96
30	30	105
30	36	73
30	32	119
30	34	107
30	34	125
30	30	92
30	36	105
30	32	100
30	36	92
30	34	97
30	34	91
30	42	121
30	34	98
30	36	92
30	34	95
30	38	119
30	34	103
30	34	128
30	32	119
30	38	105
30	38	125
30	32	92
30	40	121
30	30	102
30	32	124
30	36	103
30	36	117
30	36	93
30	34	119
30	32	97
30	30	108
30	34	105
30	46	81
30	34	95
30	34	106
30	32	102
30	36	103
30	36	119
30	34	98
30	38	108
30	34	103
30	36	105
30	36	98
30	36	96
30	36	107
30	32	103
30	34	100
30	38	121
30	36	96
30	34	95
30	34	100
30	36	108
30	34	97
30	38	103
30	34	96
30	40	73
30	32	103
30	34	105
30	34	95
30	38	119
30	30	128
30	32	108
30	38	80
30	34	105
30	38	107
30	34	96
30	32	119
30	36	98
30	46	105
30	38	95
30	32	103
30	42	73
30	40	96
30	38	98
30	30	105
30	36	80
30	38	103
30	32	97
30	40	101
30	34	100
30	38	120
30	36	100
30	42	107
30	34	106
30	38	80
30	38	95
30	36	128
30	40	73
30	38	100
30	32	102
30	30	103
30	38	98
30	36	124
30	38	106
30	36	128
30	36	97
30	34	108
30	34	96
30	36	103
30	34	98
30	34	98
30	40	128
30	32	106
30	42	99
30	38	89
30	32	100
30	36	93
30	32	119
30	36	92
30	38	80
30	36	96
30	32	81
30	34	108
30	32	92
30	32	96
30	36	103
30	36	128
30	34	105
30	40	122
30	36	100
30	32	128
30	34	124
30	34	100
30	38	98
30	34	118
30	34	100
30	36	95
30	38	93
30	30	102
30	32	128
30	34	91
30	34	93
30	38	101
30	38	119
30	34	107
30	32	81
30	38	125
30	34	125
30	34	122
30	38	105
30	34	124
30	32	95
30	32	96
30	40	96
30	30	96
30	38	100
30	34	124
30	34	95
30	40	108
30	32	128
30	32	91
30	34	108
30	38	103
30	34	91
30	30	96
30	36	98
30	32	105
30	32	98
30	38	103
30	32	119
30	34	91
30	38	98
30	34	108
30	36	96
30	34	96
30	36	108
30	36	91
30	34	98
30	36	122
30	34	101
30	34	96
30	30	103
30	30	103
30	42	119
30	36	100
30	40	100
30	38	121
30	36	96
30	42	81
30	36	107
30	36	94
30	36	103
30	38	99
30	38	80
30	36	100
30	36	120
30	34	105
30	34	105
30	34	125
30	32	105
30	34	96
30	36	103
30	34	108
30	38	103
30	34	81
30	38	107
30	34	117
30	38	107
30	36	80
30	36	98
30	40	80
30	40	92
30	36	103
30	40	98
30	38	105
30	34	95
30	38	95
30	38	96
30	42	125
30	32	95
30	34	103
30	38	117
30	36	105
30	36	119
30	38	100
30	40	98
30	38	98
30	32	119
30	42	99
30	38	107
30	36	107
30	36	102
30	38	98
30	30	103
30	42	108
30	32	105
30	38	107
30	30	119
30	36	92
30	36	100
30	38	98
30	34	96
30	40	98
30	34	97
30	36	92
30	36	98
30	38	108
30	30	119
30	34	91
30	46	107
30	36	118
30	40	93
30	30	103
30	40	102
30	34	107
30	38	118
30	36	108
30	34	91
30	32	100
30	34	95
30	36	95
30	36	98
30	34	100
30	38	80
30	34	98
30	38	100
30	42	99
30	40	107
30	34	117
30	42	99
30	36	100
30	32	128
30	34	108
30	34	124
30	32	103
30	38	102
30	36	105
30	38	80
30	38	121
30	32	128
30	36	103
30	38	107
30	34	95
30	36	95
30	36	108
30	38	89
30	32	80
30	38	99
30	38	106
30	38	124
30	32	96
30	36	108
30	36	81
30	38	98
30	32	108
30	38	100
30	36	92
30	36	125
30	32	100
30	38	121
30	38	128
30	34	91
30	36	73
30	38	97
30	36	120
30	42	73
30	36	95
30	32	91
30	36	96
30	36	108
30	36	118
30	32	103
30	34	125
30	34	96
30	46	107
30	36	96
30	34	105
30	30	96
30	34	105
30	36	98
30	38	94
30	38	118
30	32	128
30	34	117
30	32	117
30	30	108
30	34	105
30	32	105
30	36	96
30	32	123
30	36	103
30	36	105
30	34	118
30	34	100
30	30	128
30	34	95
30	42	99
30	40	99
30	34	124
30	38	93
30	34	93
30	46	99
30	38	121
30	36	100
30	32	125
30	36	101
30	38	103
30	34	108
30	34	91
30	36	108
30	38	108
30	38	118
30	36	92
30	38	93
30	46	103
30	38	96
30	30	103
30	32	125
30	40	100
30	38	94
30	38	99
30	32	125
30	34	100
30	40	103
30	44	108
30	38	95
30	32	103
30	32	118
30	40	120
30	34	103
30	42	99
30	38	80
30	38	80
30	36	95
30	40	107
30	34	108
30	32	117
30	32	80
30	38	95
30	34	95
30	34	119
30	38	92
30	42	99
30	40	120
30	40	107
30	36	108
30	34	119
30	32	93
30	34	103
30	36	98
30	38	98
30	38	100
30	38	80
30	38	98
30	34	118
30	38	93
30	46	105
30	32	105
30	38	103
30	40	121
30	36	108
30	36	92
30	34	108
30	38	122
30	34	97
30	32	105
30	32	117
30	38	80
30	30	123
30	36	93
30	36	94
30	34	122
30	40	108
30	34	96
30	36	103
30	36	98
30	36	117
30	36	103
30	40	96
30	34	125
30	38	117
30	38	89
30	34	100
30	36	97
30	38	108
30	30	105
30	38	96
30	34	91
30	34	95
30	32	102
30	38	99
30	32	81
30	40	120
30	36	124
30	40	121
30	30	92
30	36	96
30	36	94
30	36	95
30	34	95
30	30	103
30	40	105
30	38	108
30	32	103
30	36	105
30	32	124
30	34	119
30	38	96
30	30	123
30	34	105
30	32	119
30	32	128
30	36	120
30	40	119
30	38	107
30	36	95
30	34	100
30	40	73
30	32	108
30	38	98
30	40	123
30	34	118
30	34	128
30	38	118
30	38	107
30	38	105
30	32	119
30	34	128
30	36	100
30	34	128
30	40	92
30	36	108
30	42	99
30	34	103
30	36	105
30	38	105
30	34	107
30	36	103
30	34	101
30	34	105
30	38	107
30	30	102
30	38	73
30	36	123
30	32	128
30	38	98
30	34	95
30	34	123
30	38	92
30	36	106
30	38	99
30	36	96
30	38	108
30	38	107
30	36	125
30	32	101
30	36	96
30	36	125
30	38	108
30	34	128
30	36	80
30	36	108
30	34	119
30	36	100
30	32	91
30	36	103
30	30	119
30	34	73
30	40	125
30	32	105
30	36	92
30	36	94
30	36	95
30	36	81
30	40	93
30	42	99
30	38	119
30	32	81
30	30	102
30	34	105
30	38	105
30	36	103
30	34	118
30	32	106
30	38	121
30	42	99
30	34	103
30	34	122
30	32	101
30	38	80
30	34	108
30	34	91
30	40	99
30	36	94
30	34	97
30	34	98
30	36	120
30	38	121
30	32	108
30	34	81
30	32	103
30	32	97
30	34	95
30	34	98
30	36	98
30	38	80
30	40	99
30	46	95
30	32	103
30	36	124
30	30	102
30	34	81
30	38	103
30	36	92
30	36	96
30	38	103
30	38	108
30	32	117
30	36	105
30	40	97
30	34	108
30	36	107
30	38	92
30	36	93
30	36	95
30	34	97
30	38	107
30	34	95
30	34	118
30	34	98
30	44	121
30	34	91
30	34	105
30	32	81
30	38	89
30	32	117
30	34	103
30	40	107
30	38	80
30	38	80
30	38	119
30	40	93
30	32	103
30	32	103
30	40	92
30	34	100
30	38	121
30	36	107
30	34	96
30	32	81
30	30	102
30	32	96
30	34	105
30	46	124
30	32	119
30	38	96
30	38	95
30	38	89
30	32	128
30	36	123
30	34	100
30	38	94
30	32	102
30	32	105
30	38	105
30	38	107
30	32	93
30	34	96
30	36	105
30	32	96
30	36	91
30	34	101
30	36	118
30	36	98
30	38	105
30	30	106
30	36	95
30	38	93
30	36	108
30	30	81
30	32	108
30	34	119
30	36	93
30	34	118
30	46	119
30	38	99
30	32	103
30	34	105
30	34	100
30	32	102
30	38	81
30	30	108
30	42	89
30	34	128
30	38	80
30	40	107
30	40	73
30	34	105
30	36	97
30	38	105
30	34	96
30	36	123
30	36	100
30	32	100
30	38	99
30	30	103
30	32	119
30	40	99
30	36	96
30	34	124
30	30	123
30	36	122
30	36	108
30	34	95
30	34	105
30	34	100
30	38	99
30	32	128
30	32	105
30	32	128
30	36	103
30	36	92
30	36	128
30	32	98
30	36	91
30	38	101
30	36	96
30	32	119
30	42	99
30	36	96
30	38	80
30	34	105
30	32	100
30	36	97
30	36	92
30	38	81
30	34	105
30	34	91
30	38	89
30	38	124
30	38	98
30	34	103
30	30	81
30	34	98
30	38	98
30	36	105
30	40	80
30	36	124
30	42	107
30	40	105
30	38	95
30	40	120
30	40	95
30	40	121
30	32	128
30	36	118
30	36	92
30	38	118
30	36	118
30	34	108
30	36	98
30	30	103
30	36	105
30	30	119
30	34	108
30	32	106
30	34	105
30	34	105
30	36	94
30	46	120
30	32	103
30	36	98
30	34	98
30	30	81
30	36	92
30	32	92
30	38	120
30	38	96
30	38	73
30	36	93
30	44	108
30	36	92
30	30	81
30	36	100
30	38	103
30	32	103
30	46	105
30	34	123
30	36	105
30	40	125
30	36	108
30	34	108
30	36	108
30	32	119
30	32	103
30	34	81
30	36	95
30	38	128
30	32	92
30	42	121
30	34	108
30	32	98
30	34	101
30	38	98
30	40	96
30	34	98
30	32	106
30	36	117
30	36	108
30	38	80
30	38	92
30	34	107
30	34	103
30	38	128
30	34	81
30	40	89
30	38	120
30	38	89
30	32	123
30	44	95
30	32	123
30	36	120
30	30	103
30	32	102
30	36	105
30	36	93
30	36	103
30	38	108
30	34	96
30	34	103
30	32	123
30	38	80
30	38	98
30	38	98
30	38	97
30	38	107
30	34	96
30	42	107
30	42	99
30	34	108
30	36	128
30	36	100
30	38	118
30	44	121
30	38	80
30	46	105
30	36	100
30	34	93
30	42	95
30	32	92
30	38	125
30	38	99
30	38	103
30	34	97
30	32	80
30	38	121
30	38	98
30	38	124
30	38	98
30	38	80
30	34	97
30	38	121
30	40	118
30	36	105
30	36	96
30	36	98
30	32	108
30	38	94
30	36	94
30	34	91
30	34	128
30	46	107
30	36	122
30	40	80
30	36	123
30	38	105
30	34	91
30	34	108
30	34	128
30	36	108
30	38	92
30	36	124
30	38	107
30	34	103
30	38	101
30	32	96
30	34	124
30	32	124
30	30	102
30	34	108
30	36	103
30	36	122
30	34	105
30	34	102
30	42	99
30	32	103
30	34	95
30	34	95
30	40	108
30	36	101
30	30	108
30	34	95
30	36	98
30	36	103
30	32	119
30	34	95
30	30	103
30	36	98
30	34	100
30	34	105
30	32	81
30	36	117
30	38	128
30	34	105
30	38	94
30	38	94
30	34	103
30	40	92
30	40	107
30	36	94
30	36	96
30	38	108
30	36	120
30	38	103
30	34	98
30	32	105
30	32	108
30	38	118
30	34	92
30	38	102
30	38	89
30	32	102
30	36	108
30	30	96
30	36	120
30	36	103
30	30	103
30	34	105
30	32	103
30	36	120
30	34	93
30	38	96
30	32	125
30	36	80
30	36	94
30	32	96
30	38	118
30	32	128
30	32	105
30	34	91
30	38	124
30	40	98
30	38	81
30	36	98
30	36	108
30	32	103
30	40	80
30	44	96
30	32	100
30	32	125
30	36	94
30	34	108
30	34	95
30	38	125
30	44	99
30	32	119
30	38	95
30	36	119
30	34	98
30	38	103
30	34	105
30	36	118
30	32	103
30	36	108
30	36	108
30	34	123
30	34	105
30	30	106
30	34	98
30	38	98
30	36	97
30	38	107
30	34	105
30	46	107
30	32	103
30	36	119
30	36	105
30	36	108
30	32	103
30	34	105
30	36	102
30	36	95
30	36	117
30	34	125
30	38	122
30	38	107
30	34	96
30	38	123
30	30	105
30	36	103
30	40	73
30	38	93
30	36	108
30	36	118
30	34	118
30	38	80
30	38	95
30	32	80
30	36	96
30	36	95
30	34	93
30	34	105
30	34	117
30	38	73
30	38	128
30	40	105
30	34	101
30	38	107
30	36	96
30	32	123
30	40	94
30	32	81
30	36	81
30	34	122
30	38	95
30	38	108
30	32	96
30	38	96
30	38	96
30	40	93
30	38	103
30	36	105
30	36	95
30	34	95
30	42	99
30	34	103
30	38	121
30	32	125
30	34	96
30	36	103
30	34	81
30	38	108
30	34	98
30	36	103
30	30	103
30	38	92
30	38	117
30	38	105
30	34	92
30	36	108
30	36	96
30	34	91
30	36	92
30	38	108
30	34	105
30	42	107
30	40	107
30	36	97
30	46	98
30	32	117
30	36	96
30	36	96
30	34	103
30	34	73
30	32	105
30	32	105
30	40	73
30	38	95
30	38	80
30	36	96
30	34	119
30	34	122
30	38	128
30	36	105
30	36	98
30	42	80
30	40	118
30	38	123
30	32	108
30	36	103
30	36	105
30	34	125
30	34	103
30	36	128
30	34	103
30	32	108
30	36	105
30	36	95
30	40	80
30	44	73
30	46	103
30	38	108
30	34	105
30	36	108
30	38	120
30	32	103
30	30	96
30	36	117
30	32	91
30	34	96
30	34	95
30	36	95
30	34	96
30	32	105
30	36	108
30	38	80
30	42	124
30	38	108
30	32	108
30	34	128
30	30	106
30	30	81
30	36	95
30	36	108
30	38	99
30	36	105
30	38	80
30	32	123
30	34	103
30	34	103
30	38	123
30	40	99
30	34	108
30	32	92
30	32	124
30	34	91
30	38	121
30	32	108
30	32	119
30	38	93
30	34	95
30	32	102
30	34	105
30	34	96
30	40	99
30	34	103
30	32	123
30	40	107
30	36	108
30	36	96
30	38	108
30	38	107
30	36	94
30	34	95
30	36	118
30	36	108
30	34	98
30	36	105
30	40	125
30	36	98
30	34	119
30	36	120
30	36	100
30	42	73
30	32	103
30	32	128
30	36	98
30	36	80
30	34	92
30	38	80
30	34	100
30	38	81
30	38	108
30	32	103
30	44	107
30	36	94
30	36	98
30	38	73
30	36	125
30	36	117
30	34	108
30	30	105
30	34	80
30	34	125
30	32	80
30	32	105
30	36	103
30	34	101
30	38	121
30	34	100
30	34	101
30	38	118
30	34	98
30	36	97
30	36	81
30	32	95
30	34	103
30	38	102
30	36	100
30	36	96
30	38	105
30	34	128
30	36	95
30	38	100
30	34	103
30	34	95
30	32	91
30	34	96
30	36	96
30	40	80
30	34	105
30	32	96
30	38	95
30	32	124
30	36	92
30	34	103
30	38	108
30	40	99
30	36	119
30	34	80
30	32	103
30	44	99
30	34	105
30	36	106
30	34	106
30	34	103
30	34	100
30	38	92
30	34	96
30	36	94
30	36	119
30	36	128
30	38	89
30	38	107
30	36	124
30	34	98
30	34	98
30	36	105
30	36	102
30	34	122
30	34	108
30	36	94
30	36	80
30	34	95
30	38	95
30	32	103
30	32	128
30	38	89
30	38	89
30	34	105
30	38	107
30	38	100
30	34	96
30	36	108
30	34	103
30	38	121
30	38	107
30	38	128
30	40	92
30	36	91
30	32	103
30	38	118
30	36	103
30	34	95
30	30	92
30	32	105
30	36	96
30	32	100
30	38	96
30	46	105
30	34	96
30	34	125
30	38	100
30	38	120
30	34	101
30	36	122
30	34	103
30	34	101
30	38	105
30	32	123
30	38	98
30	38	80
30	38	107
30	38	120
30	40	95
30	34	124
30	30	106
30	32	117
30	32	103
30	34	105
30	42	99
30	32	103
30	34	117
30	32	119
30	38	98
30	36	103
30	34	128
30	36	105
30	36	92
30	38	80
30	36	128
30	36	94
30	34	100
30	36	125
30	36	105
30	32	128
30	40	73
30	38	96
30	38	123
30	36	97
30	36	81
30	36	124
30	32	128
30	34	101
30	34	125
30	40	121
30	38	103
30	36	103
30	36	105
30	32	105
30	32	119
30	36	95
30	38	98
30	34	100
30	34	128
30	40	108
30	38	92
30	36	119
30	32	123
30	38	108
30	38	80
30	34	103
30	36	108
30	34	103
30	36	94
30	34	103
30	34	92
30	40	121
30	34	100
30	36	80
30	38	103
30	38	122
30	32	128
30	34	108
30	36	119
30	32	91
30	32	103
30	40	99
30	34	93
30	38	103
30	36	108
30	36	100
30	40	122
30	34	97
30	44	121
30	30	81
30	38	91
30	32	105
30	32	91
30	38	120
30	38	98
30	32	103
30	32	95
30	36	103
30	40	80
30	34	108
30	38	119
30	38	108
30	36	100
30	36	108
30	40	73
30	38	108
30	32	101
30	46	100
30	38	89
30	34	105
30	36	95
30	32	125
30	32	105
30	38	105
30	36	103
30	32	103
30	34	119
30	42	99
30	38	80
30	34	98
30	34	103
30	40	89
30	38	81
30	34	122
30	34	92
30	36	120
30	30	103
30	38	89
30	38	98
30	34	118
30	36	101
30	36	95
30	34	96
30	34	128
30	36	107
30	38	118
30	36	128
30	40	118
30	32	128
30	34	96
30	38	107
30	36	119
30	32	81
30	34	98
30	36	120
30	32	91
30	36	108
30	42	80
30	34	95
30	34	96
30	40	100
30	34	96
30	32	123
30	36	92
30	34	105
30	32	119
30	36	103
30	36	81
30	38	95
30	34	100
30	46	99
30	34	107
30	38	81
30	34	125
30	32	97
30	36	96
30	34	95
30	40	108
30	38	100
30	38	103
30	34	128
30	34	97
30	32	96
30	32	80
30	34	96
30	36	96
30	32	119
30	36	108
30	36	103
30	36	103
30	36	94
30	34	98
30	34	98
30	30	81
30	40	95
30	38	100
30	36	103
30	34	95
30	36	96
30	38	100
30	34	118
30	36	106
30	42	119
30	40	99
30	34	108
30	32	103
30	34	93
30	40	108
30	34	103
30	40	96
30	34	92
30	36	108
30	40	98
30	36	118
30	40	105
30	32	100
30	38	80
30	38	107
30	38	101
30	34	98
30	34	95
30	34	105
30	32	100
30	38	106
30	36	105
30	38	107
30	32	103
30	38	94
30	36	98
30	40	99
30	32	102
30	38	80
30	34	96
30	38	98
30	32	91
30	44	92
30	42	98
30	34	117
30	36	92
30	38	80
30	46	117
30	38	96
30	36	100
30	34	92
30	40	94
30	36	128
30	34	122
30	30	81
30	30	119
30	34	119
30	32	96
30	38	98
30	34	106
30	40	99
30	38	95
30	34	97
30	34	117
30	34	119
30	40	94
30	32	105
30	32	102
30	34	81
30	38	125
30	36	100
30	32	105
30	34	106
30	38	80
30	36	81
30	30	108
30	38	91
30	38	105
30	34	98
30	38	98
30	32	95
30	32	117
30	42	107
30	38	95
30	38	80
30	34	105
30	38	107
30	30	103
30	36	117
30	34	118
30	34	128
30	32	93
30	38	103
30	34	106
30	34	103
30	38	121
30	36	107
30	34	108
30	38	117
30	34	98
30	38	98
30	38	108
30	40	117
30	38	125
30	32	103
30	36	80
30	38	100
30	32	95
30	34	124
30	32	100
30	46	98
30	36	119
30	40	73
30	32	108
30	34	105
30	36	95
30	40	108
30	34	96
30	40	80
30	36	103
30	30	106
30	30	103
30	40	73
30	36	108
30	38	80
30	40	92
30	32	98
30	34	103
30	34	100
30	38	107
30	36	108
30	34	98
30	36	98
30	38	80
30	32	103
30	40	89
30	34	103
30	30	103
30	38	103
30	36	123
30	34	119
30	34	96
30	36	122
30	34	95
30	36	91
30	40	128
30	38	103
30	34	97
30	36	108
30	36	95
30	34	103
30	36	103
30	40	99
30	34	98
30	32	117
30	36	123
30	34	73
30	38	121
30	36	120
30	40	89
30	34	103
30	36	122
30	38	100
30	34	105
30	40	108
30	36	103
30	38	103
30	30	119
30	44	108
30	36	92
30	44	96
30	30	102
30	46	106
30	38	95
30	32	91
30	38	80
30	34	103
30	34	103
30	38	89
30	32	117
30	36	105
30	38	80
30	36	100
30	36	108
30	32	119
30	36	92
30	34	124
30	38	107
30	36	125
30	32	102
30	40	97
30	36	118
30	34	102
30	38	89
30	38	105
30	30	103
30	34	108
30	34	91
30	34	103
30	36	100
30	38	125
30	36	93
30	40	105
30	36	80
30	40	93
30	38	80
30	34	128
30	36	118
30	32	119
30	36	92
30	32	98
30	46	99
30	36	96
30	38	121
30	36	118
30	36	120
30	34	91
30	38	95
30	34	100
30	38	117
30	32	124
30	32	98
30	34	123
30	44	107
30	46	103
30	34	100
30	32	105
30	34	106
30	30	81
30	36	118
30	34	103
30	38	106
30	34	103
30	36	95
30	40	108
30	40	80
30	36	105
30	32	124
30	34	95
30	40	121
30	34	103
30	32	119
30	34	95
30	40	125
30	36	73
30	34	100
30	30	105
30	34	105
30	36	93
30	32	105
30	32	95
30	40	97
30	32	98
30	34	106
30	32	103
30	38	73
30	34	105
30	34	108
30	36	96
30	32	100
30	30	106
30	38	121
30	34	128
30	34	98
30	38	92
30	36	94
30	32	105
30	40	105
30	36	80
30	30	103
30	34	122
30	34	80
30	38	80
30	42	89
30	34	122
30	36	96
30	38	92
30	34	103
30	38	98
30	44	99
30	34	96
30	34	102
30	30	128
30	34	108
30	38	73
30	34	100
30	34	106
30	34	108
30	38	105
30	38	105
30	34	103
30	34	108
30	34	73
30	38	125
30	32	128
30	36	128
30	38	120
30	38	80
30	32	103
30	34	105
30	38	121
30	34	103
30	34	97
30	34	93
30	36	128
30	36	118
30	34	105
30	36	108
30	42	92
30	40	107
30	36	98
30	38	119
30	38	125
30	38	97
30	32	97
30	38	98
30	34	122
30	36	98
30	32	119
30	38	96
30	38	121
30	34	101
30	34	95
30	34	125
30	34	96
30	38	118
30	32	119
30	34	128
30	34	128
30	34	108
30	38	122
30	36	119
30	34	98
30	36	108
30	38	108
30	38	121
30	34	80
30	32	105
30	38	107
30	36	128
30	34	107
30	38	98
30	36	120
30	32	106
30	38	121
30	38	103
30	38	100
30	38	103
30	34	98
30	40	121
30	38	107
30	36	96
30	34	100
30	34	117
30	38	105
30	34	98
30	34	108
30	36	125
30	38	103
30	34	105
30	34	95
30	34	98
30	36	102
30	36	94
30	32	103
30	32	91
30	40	96
30	38	98
30	38	73
30	40	99
30	40	89
30	40	125
30	40	128
30	34	101
30	32	125
30	38	95
30	32	106
30	32	91
30	34	123
30	36	108
30	34	118
30	36	96
30	34	103
30	34	105
30	38	121
30	38	118
30	34	95
30	32	119
30	36	103
30	34	108
30	32	103
30	34	103
30	32	128
30	36	103
30	32	100
30	40	108
30	38	108
30	36	94
30	38	96
30	34	102
30	36	103
30	36	124
30	34	125
30	46	92
30	32	101
30	34	108
30	32	103
30	36	100
30	30	103
30	36	107
30	32	128
30	36	100
30	36	120
30	34	95
30	38	80
30	38	128
30	38	124
30	34	122
30	34	100
30	36	101
30	34	81
30	34	125
30	40	107
30	34	98
30	34	93
30	34	95
30	36	106
30	34	93
30	46	117
30	34	98
30	30	117
30	34	103
30	38	122
30	40	95
30	34	102
30	38	107
30	32	103
30	42	100
30	38	119
30	34	128
30	34	125
30	36	105
30	32	91
30	34	96
30	38	95
30	36	94
30	34	122
30	34	98
30	32	102
30	36	94
30	38	103
30	32	98
30	42	73
30	34	98
30	38	98
30	32	108
30	38	120
30	36	97
30	38	96
30	38	95
30	36	120
30	38	128
30	40	95
30	34	119
30	32	91
30	36	120
30	38	80
30	32	117
30	32	117
30	36	124
30	34	103
30	34	118
30	40	108
30	30	103
30	40	108
30	34	102
30	40	119
30	32	100
30	32	95
30	34	105
30	32	128
30	34	100
30	34	103
30	32	108
30	40	120
30	38	99
30	32	119
30	36	122
30	36	101
30	38	108
30	38	121
30	40	105
30	38	89
30	32	103
30	38	107
30	36	106
30	34	106
30	36	96
30	40	98
30	32	80
30	36	103
30	30	103
30	40	121
30	36	108
30	32	103
30	34	101
30	36	95
30	34	105
30	40	120
30	32	106
30	36	96
30	38	105
30	32	103
30	38	80
30	32	117
30	40	95
30	46	105
30	36	98
30	34	108
30	34	81
30	36	91
30	32	97
30	38	119
30	36	108
30	38	103
30	34	123
30	36	92
30	32	128
30	38	80
30	36	128
30	36	95
30	34	100
30	38	97
30	36	124
30	40	99
30	38	99
30	36	96
30	38	98
30	38	121
30	34	101
30	38	118
30	38	96
30	36	118
30	34	96
30	40	107
30	36	120
30	36	128
30	36	96
30	34	125
30	34	100
30	32	95
30	36	105
30	34	123
30	38	91
30	38	128
30	38	118
30	40	95
30	36	92
30	38	106
30	34	95
30	36	96
30	34	95
30	34	108
30	32	96
30	32	105
30	34	97
30	40	119
30	32	105
30	34	95
30	38	107
30	34	103
30	38	108
30	32	95
30	36	108
30	34	98
30	38	118
30	32	97
30	36	96
30	36	73
30	36	96
30	34	81
30	34	100
30	38	107
30	30	103
30	38	128
30	30	117
30	36	92
30	36	103
30	46	105
30	38	101
30	32	117
30	30	117
30	40	100
30	34	106
30	32	95
30	38	103
30	32	102
30	34	97
30	34	102
30	38	80
30	32	80
30	34	81
30	36	108
30	40	108
30	38	118
30	34	122
30	30	103
30	30	96
30	30	96
30	38	94
30	32	91
30	38	96
30	38	128
30	38	100
30	34	108
30	36	108
30	40	73
30	34	108
30	36	108
30	34	81
30	34	108
30	46	121
30	36	105
30	36	119
30	36	98
30	32	124
30	32	108
30	38	118
30	34	95
30	40	103
30	36	96
30	34	122
30	40	89
30	38	118
30	36	103
30	32	128
30	40	107
30	32	119
30	38	98
30	44	120
30	38	108
30	34	125
30	38	108
30	34	96
30	32	128
30	38	106
30	34	100
30	36	118
30	34	103
30	36	93
30	36	119
30	38	93
30	40	80
30	32	119
30	36	119
30	34	117
30	30	106
30	36	96
30	36	107
30	36	81
30	36	96
30	38	108
30	32	105
30	36	103
30	30	108
30	34	96
30	34	101
30	34	95
30	38	105
30	38	122
30	34	100
30	34	107
30	32	103
30	38	80
30	38	96
30	38	119
30	34	96
30	42	99
30	32	80
30	36	98
30	44	107
30	36	103
30	34	96
30	32	103
30	36	124
30	40	128
30	36	107
30	36	125
30	44	99
30	36	100
30	32	102
30	30	105
30	36	106
30	32	124
30	36	97
30	32	98
30	34	128
30	38	73
30	40	118
30	46	96
30	38	93
30	44	120
30	32	103
30	38	118
30	34	96
30	38	96
30	36	81
30	36	103
30	38	100
30	40	92
30	34	98
30	34	106
30	36	98
30	36	122
30	38	102
30	32	103
30	40	81
30	38	99
30	34	100
30	36	107
30	32	102
30	36	103
30	34	105
30	36	96
30	38	96
30	34	95
30	36	80
30	34	118
30	38	119
30	38	80
30	34	92
30	38	89
30	40	118
30	36	103
30	32	103
30	34	122
30	32	125
30	38	89
30	34	95
30	34	105
30	32	123
30	32	128
30	40	108
30	40	96
30	42	96
30	32	105
30	40	73
30	32	81
30	34	103
30	36	92
30	38	80
30	36	105
30	36	105
30	40	101
30	34	96
30	40	98
30	36	120
30	38	108
30	34	97
30	36	98
30	34	118
30	32	91
30	38	100
30	38	89
30	36	73
30	32	102
30	34	93
30	32	100
30	32	105
30	34	119
30	30	108
30	36	97
30	38	95
30	38	107
30	36	105
30	32	119
30	42	95
30	32	80
30	40	107
30	40	94
30	32	117
30	32	103
30	42	107
30	38	121
30	34	122
30	38	73
30	40	96
30	34	80
30	38	107
30	34	96
30	32	119
30	32	97
30	34	124
30	34	123
30	36	108
30	38	96
30	38	73
30	38	121
30	38	121
30	34	98
30	30	128
30	38	107
30	34	124
30	36	94
30	42	93
30	36	100
30	36	98
30	34	119
30	36	94
30	34	100
30	34	95
30	32	106
30	34	107
30	36	120
30	36	120
30	34	105
30	38	93
30	32	123
30	34	122
30	38	119
30	36	103
30	34	128
30	30	119
30	36	96
30	32	125
30	40	92
30	34	103
30	42	99
30	36	103
30	34	95
30	38	94
30	36	94
30	32	103
30	36	100
30	32	105
30	38	105
30	40	96
30	38	98
30	36	100
30	34	123
30	40	125
30	36	96
30	36	120
30	38	107
30	36	105
30	38	80
30	32	119
30	34	105
30	32	95
30	42	100
30	40	80
30	40	99
30	34	105
30	36	103
30	38	108
30	34	118
30	34	91
30	34	95
30	34	101
30	36	95
30	34	97
30	36	105
30	34	105
30	38	122
30	38	96
30	32	128
30	34	96
30	34	97
30	38	98
30	34	95
30	36	107
30	40	92
30	42	107
30	34	119
30	36	100
30	32	124
30	40	105
30	36	103
30	34	98
30	34	105
30	38	98
30	34	105
30	36	94
30	38	105
30	36	92
30	38	89
30	36	100
30	34	105
30	34	119
30	32	103
30	38	103
30	38	121
30	34	117
30	40	107
30	34	125
30	40	105
30	44	101
30	40	100
30	38	107
30	30	119
30	40	108
30	38	107
30	34	91
30	32	103
30	34	80
30	34	91
30	34	95
30	36	92
30	38	107
30	34	103
30	40	80
30	34	97
30	38	92
30	38	98
30	36	98
30	36	92
30	36	120
30	36	98
30	40	105
30	36	125
30	38	108
30	36	93
30	34	105
30	38	96
30	34	96
30	32	128
30	36	97
30	34	118
30	30	96
30	34	108
30	38	118
30	36	101
30	30	96
30	32	105
30	36	120
30	38	108
30	46	100
30	34	122
30	40	108
30	42	95
30	34	105
30	30	103
30	36	100
30	34	125
30	34	128
30	34	108
30	32	96
30	36	96
30	38	105
30	36	103
30	30	103
30	36	105
30	38	100
30	38	108
30	38	94
30	36	103
30	32	103
30	32	119
30	34	96
30	36	96
30	38	108
30	36	93
30	42	108
30	36	92
30	34	105
30	34	128
30	34	105
30	34	103
30	32	100
30	32	128
30	38	119
30	32	97
30	32	95
30	34	119
30	38	96
30	38	107
30	36	107
30	34	125
30	32	102
30	34	98
30	36	123
30	36	100
30	30	117
30	40	121
30	36	122
30	32	100
30	36	105
30	38	95
30	38	96
30	34	103
30	38	73
30	34	102
30	38	89
30	38	73
30	36	73
30	40	73
30	38	96
30	36	95
30	36	80
30	36	92
30	38	121
30	32	96
30	36	94
30	32	105
30	38	89
30	36	124
30	30	117
30	36	96
30	30	105
30	32	81
30	36	105
30	32	103
30	38	121
30	32	128
30	38	98
30	36	80
30	36	92
30	38	99
30	34	100
30	42	121
30	32	119
30	34	108
30	36	96
30	38	105
30	34	97
30	36	95
30	38	92
30	32	128
30	34	100
30	36	118
30	34	103
30	32	108
30	34	122
30	38	93
30	34	92
30	34	92
30	34	80
30	34	124
30	36	93
30	34	103
30	38	80
30	36	105
30	36	103
30	36	92
30	32	101
30	36	118
30	38	99
30	38	80
30	38	103
30	32	125
30	34	100
30	38	99
30	40	73
30	40	124
30	32	101
30	32	102
30	36	96
30	38	96
30	32	91
30	32	105
30	36	103
30	36	105
30	34	92
30	38	106
30	32	105
30	30	108
30	30	103
30	36	96
30	42	107
30	36	125
30	38	106
30	32	106
30	32	105
30	36	95
30	36	108
30	32	128
30	32	119
30	34	124
30	36	100
30	44	107
30	36	124
30	34	101
30	40	103
30	36	81
30	32	103
30	38	100
30	34	103
30	34	95
30	32	100
30	34	98
30	36	92
30	34	100
30	38	96
30	38	122
30	38	80
30	38	80
30	34	128
30	46	101
30	36	120
30	38	107
30	32	103
30	40	121
30	34	97
30	36	122
30	32	96
30	38	89
30	34	81
30	36	96
30	38	121
30	34	124
30	34	103
30	34	118
30	38	105
30	32	105
30	36	105
30	36	95
30	32	106
30	36	94
30	36	103
30	34	103
30	32	128
30	44	99
30	36	108
30	34	100
30	32	92
30	34	103
30	30	103
30	32	117
30	36	96
30	34	91
30	36	120
30	36	92
30	32	105
30	38	96
30	36	96
30	32	103
30	38	100
30	32	92
30	36	120
30	38	119
30	34	117
30	38	122
30	38	105
30	32	105
30	32	101
30	30	103
30	42	108
30	32	128
30	34	103
30	36	103
30	30	103
30	32	95
30	34	105
30	34	103
30	36	98
30	34	103
30	36	98
30	36	92
30	38	108
30	38	89
30	32	125
30	36	122
30	34	122
30	44	73
30	36	120
30	40	121
30	32	123
30	36	100
30	40	94
30	38	89
30	36	107
30	36	128
30	34	122
30	34	108
30	34	92
30	38	118
30	34	107
30	36	117
30	40	96
30	38	123
30	38	98
30	34	81
30	34	98
30	40	105
30	34	128
30	34	103
30	34	98
30	38	102
30	34	103
30	36	94
30	32	105
30	36	96
30	32	119
30	38	80
30	32	91
30	40	100
30	34	95
30	36	108
30	34	96
30	38	121
30	34	100
30	32	125
30	36	125
30	36	120
30	38	95
30	40	120
30	32	105
30	36	124
30	34	107
30	38	124
40	38	81
40	36	86
40	36	110
40	34	81
40	36	89
40	40	100
40	38	111
40	40	125
40	36	81
40	38	104
40	38	108
40	46	142
40	38	117
40	44	90
40	38	110
40	40	107
40	40	116
40	40	105
40	46	134
40	36	85
40	40	116
40	42	164
40	38	131
40	42	115
40	40	107
40	42	116
40	40	106
40	38	83
40	44	84
40	36	99
40	38	108
40	38	116
40	38	80
40	40	120
40	42	87
40	42	99
40	38	83
40	38	142
40	38	115
40	50	123
40	42	105
40	38	130
40	42	84
40	38	104
40	40	105
40	36	83
40	42	108
40	40	108
40	40	106
40	38	142
40	40	120
40	40	116
40	38	132
40	36	108
40	36	104
40	38	105
40	38	87
40	42	164
40	40	83
40	36	89
40	34	131
40	36	85
40	40	89
40	38	130
40	36	110
40	40	90
40	40	83
40	40	77
40	40	88
40	38	111
40	40	105
40	38	164
40	40	125
40	46	134
40	38	80
40	40	105
40	34	131
40	38	77
40	46	134
40	40	89
40	38	132
40	40	84
40	34	83
40	40	105
40	42	116
40	42	108
40	38	104
40	38	106
40	36	85
40	34	100
40	40	83
40	40	83
40	36	81
40	38	108
40	40	107
40	40	80
40	42	115
40	40	116
40	40	85
40	36	85
40	34	133
40	34	83
40	42	99
40	42	84
40	40	89
40	38	111
40	38	130
40	36	114
40	40	110
40	42	98
40	40	125
40	38	105
40	40	83
40	36	104
40	38	104
40	36	83
40	38	100
40	36	104
40	40	119
40	36	108
40	38	87
40	34	81
40	40	105
40	42	83
40	38	100
40	40	132
40	44	108
40	38	123
40	40	89
40	42	116
40	38	87
40	42	113
40	42	84
40	32	132
40	36	104
40	38	104
40	38	142
40	40	108
40	38	114
40	38	117
40	40	133
40	38	82
40	46	84
40	38	107
40	36	83
40	40	89
40	38	133
40	36	85
40	40	108
40	40	84
40	40	87
40	38	97
40	40	133
40	40	105
40	40	106
40	38	77
40	38	104
40	34	132
40	40	120
40	36	117
40	44	105
40	42	108
40	38	142
40	40	116
40	36	110
40	38	100
40	38	115
40	36	87
40	44	89
40	38	131
40	34	77
40	40	86
40	42	164
40	44	117
40	38	89
40	36	86
40	36	113
40	44	88
40	38	164
40	40	90
40	36	82
40	42	88
40	38	87
40	42	99
40	40	83
40	38	103
40	38	83
40	42	87
40	34	132
40	36	83
40	38	84
40	40	105
40	34	77
40	38	104
40	36	114
40	42	115
40	34	110
40	34	104
40	48	113
40	32	83
40	36	106
40	38	97
40	42	85
40	38	131
40	36	104
40	46	134
40	34	132
40	38	132
40	40	89
40	42	106
40	40	105
40	38	108
40	40	108
40	40	105
40	36	108
40	42	108
40	34	89
40	40	105
40	40	110
40	34	110
40	38	104
40	38	109
40	40	120
40	42	105
40	36	81
40	34	133
40	34	106
40	42	100
40	32	86
40	42	84
40	36	131
40	40	119
40	38	88
40	40	109
40	38	97
40	40	109
40	40	110
40	40	105
40	38	83
40	34	104
40	40	83
40	38	83
40	46	134
40	36	104
40	32	90
40	40	119
40	38	133
40	38	108
40	40	85
40	42	164
40	40	111
40	40	130
40	40	87
40	44	120
40	40	128
40	40	115
40	38	83
40	40	142
40	38	84
40	42	88
40	40	116
40	38	80
40	40	107
40	38	99
40	34	108
40	40	105
40	40	79
40	38	131
40	38	164
40	38	89
40	42	76
40	46	85
40	36	108
40	46	113
40	42	120
40	42	108
40	42	84
40	40	116
40	38	99
40	40	117
40	38	80
40	36	104
40	40	105
40	42	98
40	38	108
40	40	105
40	40	119
40	44	84
40	40	120
40	40	116
40	38	116
40	34	108
40	30	133
40	38	105
40	38	114
40	36	85
40	36	89
40	36	115
40	36	103
40	38	84
40	40	89
40	32	131
40	40	83
40	40	125
40	42	125
40	42	116
40	40	142
40	44	85
40	36	131
40	40	85
40	40	100
40	38	104
40	40	105
40	40	81
40	40	108
40	40	105
40	36	82
40	36	106
40	40	87
40	38	133
40	36	133
40	38	111
40	40	108
40	40	105
40	36	105
40	40	108
40	36	81
40	40	105
40	40	128
40	38	133
40	42	98
40	42	113
40	40	106
40	38	164
40	44	89
40	42	87
40	42	97
40	40	87
40	40	83
40	36	128
40	40	106
40	40	116
40	40	116
40	40	115
40	42	76
40	36	131
40	40	106
40	38	125
40	40	83
40	40	131
40	40	99
40	38	88
40	36	77
40	38	107
40	38	128
40	42	164
40	46	113
40	42	108
40	36	110
40	34	131
40	42	97
40	40	76
40	40	104
40	42	98
40	40	108
40	38	128
40	36	104
40	42	105
40	36	104
40	40	164
40	40	79
40	40	116
40	40	83
40	38	97
40	44	108
40	40	133
40	36	105
40	40	99
40	40	104
40	42	85
40	38	104
40	36	83
40	40	83
40	42	108
40	34	89
40	40	111
40	44	97
40	46	134
40	36	110
40	38	106
40	40	116
40	40	115
40	38	142
40	40	120
40	38	131
40	38	80
40	42	123
40	42	83
40	40	107
40	40	108
40	40	110
40	38	84
40	38	110
40	38	89
40	34	132
40	42	98
40	40	164
40	34	104
40	40	119
40	42	99
40	42	98
40	36	86
40	36	117
40	36	85
40	40	105
40	40	85
40	42	116
40	38	109
40	44	108
40	36	111
40	40	107
40	44	164
40	40	104
40	46	134
40	42	117
40	38	83
40	38	132
40	38	87
40	32	106
40	36	99
40	38	132
40	38	97
40	40	80
40	36	117
40	38	131
40	42	123
40	42	105
40	38	131
40	38	142
40	44	85
40	38	105
40	36	113
40	40	110
40	40	142
40	40	116
40	38	104
40	36	110
40	40	116
40	42	108
40	38	85
40	44	104
40	38	83
40	40	110
40	40	105
40	36	115
40	38	87
40	40	88
40	42	87
40	38	77
40	38	104
40	32	106
40	34	131
40	32	83
40	40	106
40	38	104
40	42	79
40	36	105
40	38	131
40	42	79
40	46	134
40	38	132
40	38	104
40	40	85
40	42	105
40	42	84
40	44	98
40	38	111
40	40	79
40	38	100
40	34	90
40	42	84
40	40	85
40	40	130
40	38	115
40	40	81
40	34	131
40	40	116
40	40	119
40	42	107
40	42	83
40	38	88
40	42	89
40	42	123
40	42	117
40	38	108
40	38	110
40	38	90
40	38	108
40	38	132
40	38	130
40	40	133
40	36	89
40	42	108
40	38	113
40	38	115
40	38	83
40	44	125
40	36	105
40	40	84
40	32	106
40	40	105
40	36	108
40	44	85
40	38	108
40	38	133
40	40	120
40	38	132
40	38	104
40	42	87
40	38	87
40	40	115
40	40	85
40	40	133
40	42	98
40	40	105
40	42	98
40	36	100
40	40	120
40	38	105
40	38	164
40	38	116
40	38	113
40	42	97
40	34	133
40	40	85
40	34	90
40	36	83
40	42	110
40	40	125
40	42	100
40	40	105
40	38	83
40	40	132
40	36	100
40	38	109
40	42	104
40	40	105
40	38	80
40	40	115
40	36	115
40	40	108
40	40	115
40	44	113
40	40	116
40	34	106
40	38	87
40	38	107
40	38	89
40	46	134
40	40	104
40	38	107
40	38	164
40	42	105
40	40	128
40	40	119
40	40	88
40	40	85
40	38	111
40	40	81
40	42	76
40	40	133
40	42	98
40	38	89
40	38	83
40	40	111
40	36	105
40	40	111
40	40	116
40	40	107
40	42	106
40	36	104
40	40	117
40	44	113
40	46	84
40	38	164
40	36	131
40	38	83
40	42	133
40	46	134
40	40	110
40	36	114
40	38	89
40	36	82
40	38	133
40	40	76
40	36	110
40	40	84
40	42	109
40	38	105
40	38	133
40	36	85
40	46	108
40	38	90
40	48	84
40	38	103
40	40	83
40	34	133
40	40	77
40	38	83
40	40	106
40	36	77
40	36	90
40	36	82
40	36	132
40	46	134
40	40	108
40	40	87
40	44	123
40	38	123
40	34	90
40	40	85
40	34	132
40	38	90
40	36	115
40	40	86
40	42	88
40	38	132
40	40	105
40	36	115
40	42	117
40	40	88
40	36	104
40	38	99
40	40	87
40	40	130
40	40	85
40	38	111
40	38	85
40	38	133
40	40	110
40	40	97
40	38	87
40	48	113
40	38	76
40	38	110
40	44	133
40	40	132
40	38	131
40	38	105
40	40	116
40	34	83
40	36	115
40	42	83
40	38	104
40	42	76
40	36	104
40	40	85
40	44	113
40	36	83
40	34	133
40	38	113
40	34	132
40	40	119
40	38	108
40	36	104
40	38	123
40	34	100
40	34	100
40	40	79
40	38	133
40	40	116
40	38	106
40	38	107
40	32	110
40	38	107
40	38	116
40	40	84
40	34	89
40	44	116
40	38	111
40	38	80
40	44	108
40	38	109
40	40	120
40	40	105
40	36	85
40	36	128
40	38	133
40	42	98
40	40	119
40	36	133
40	40	107
40	42	85
40	40	81
40	40	83
40	38	81
40	42	125
40	40	106
40	36	114
40	46	134
40	38	90
40	38	105
40	40	130
40	36	111
40	36	114
40	38	132
40	38	110
40	44	84
40	38	83
40	40	123
40	44	128
40	42	120
40	40	105
40	36	133
40	40	116
40	36	89
40	32	100
40	38	133
40	40	108
40	46	134
40	40	83
40	40	97
40	44	120
40	36	131
40	42	123
40	42	116
40	36	100
40	38	128
40	40	108
40	40	89
40	42	164
40	40	104
40	42	104
40	38	104
40	38	123
40	34	131
40	36	105
40	46	104
40	36	132
40	38	142
40	42	98
40	36	104
40	40	89
40	42	98
40	40	105
40	46	134
40	36	81
40	38	108
40	36	128
40	38	125
40	38	105
40	38	87
40	38	77
40	42	105
40	38	142
40	38	76
40	38	77
40	40	100
40	46	83
40	34	77
40	42	108
40	36	115
40	44	84
40	34	87
40	36	81
40	36	115
40	40	87
40	34	83
40	38	164
40	40	105
40	32	106
40	34	83
40	42	115
40	36	99
40	44	85
40	38	123
40	36	111
40	40	120
40	32	104
40	40	106
40	38	88
40	38	133
40	40	77
40	38	132
40	40	120
40	40	123
40	38	131
40	36	133
40	36	114
40	38	80
40	34	83
40	38	133
40	48	105
40	40	104
40	34	131
40	46	134
40	44	89
40	42	108
40	40	85
40	40	108
40	42	105
40	40	114
40	38	108
40	38	76
40	44	113
40	38	108
40	34	133
40	38	116
40	40	105
40	36	117
40	38	87
40	40	85
40	38	100
40	46	87
40	40	128
40	42	83
40	38	82
40	40	83
40	46	107
40	38	108
40	38	108
40	38	105
40	36	131
40	38	82
40	38	131
40	38	131
40	40	83
40	46	111
40	42	85
40	38	85
40	38	83
40	38	104
40	38	117
40	40	87
40	38	86
40	42	98
40	40	105
40	36	133
40	48	113
40	38	87
40	34	106
40	42	87
40	40	81
40	42	76
40	40	132
40	40	79
40	40	109
40	40	106
40	36	81
40	38	105
40	40	81
40	42	142
40	36	132
40	40	120
40	38	104
40	40	116
40	48	105
40	44	84
40	42	82
40	40	106
40	42	98
40	38	84
40	42	98
40	34	108
40	36	110
40	32	133
40	36	104
40	40	82
40	38	104
40	38	100
40	44	108
40	42	98
40	38	89
40	38	83
40	38	87
40	40	116
40	38	111
40	36	81
40	34	83
40	36	82
40	38	105
40	40	81
40	46	110
40	34	110
40	40	85
40	44	113
40	40	116
40	42	106
40	36	77
40	36	132
40	40	80
40	38	107
40	38	133
40	40	116
40	40	106
40	34	87
40	38	115
40	38	81
40	34	90
40	36	133
40	40	117
40	40	130
40	40	115
40	44	104
40	42	85
40	40	83
40	40	116
40	36	113
40	36	133
40	38	105
40	36	99
40	32	132
40	36	82
40	36	85
40	44	88
40	38	87
40	40	116
40	42	108
40	34	104
40	36	85
40	38	125
40	38	108
40	38	113
40	38	86
40	40	89
40	40	116
40	38	89
40	40	117
40	38	115
40	38	114
40	44	100
40	38	142
40	38	108
40	44	123
40	38	82
40	38	89
40	34	108
40	36	90
40	36	133
40	42	116
40	40	113
40	42	104
40	40	125
40	46	113
40	36	83
40	36	81
40	36	89
40	34	89
40	42	80
40	36	108
40	36	89
40	40	83
40	38	113
40	38	108
40	38	164
40	38	104
40	38	114
40	44	115
40	38	133
40	40	116
40	40	100
40	36	83
40	40	116
40	38	108
40	38	128
40	36	111
40	38	164
40	42	97
40	42	97
40	38	81
40	36	89
40	36	133
40	34	83
40	38	104
40	42	116
40	36	82
40	36	113
40	38	109
40	40	106
40	34	132
40	38	105
40	38	125
40	36	110
40	40	110
40	42	106
40	40	111
40	32	90
40	42	107
40	42	99
40	42	116
40	34	100
40	40	119
40	40	119
40	40	108
40	42	132
40	36	128
40	42	104
40	34	110
40	38	131
40	36	103
40	40	104
40	40	110
40	40	99
40	40	85
40	40	108
40	40	106
40	34	104
40	38	117
40	38	111
40	40	82
40	38	131
40	34	108
40	42	99
40	40	79
40	36	81
40	40	77
40	38	111
40	34	110
40	42	79
40	40	87
40	38	115
40	38	114
40	38	108
40	38	85
40	42	128
40	34	77
40	48	113
40	40	103
40	40	128
40	38	114
40	40	128
40	40	105
40	40	89
40	42	113
40	40	116
40	36	88
40	40	77
40	38	80
40	38	105
40	38	87
40	40	164
40	34	104
40	38	104
40	40	81
40	38	85
40	38	89
40	40	133
40	46	113
40	40	113
40	40	105
40	34	87
40	42	85
40	38	105
40	36	104
40	42	132
40	40	116
40	40	84
40	40	110
40	40	110
40	38	81
40	36	114
40	40	83
40	38	130
40	42	82
40	40	130
40	38	83
40	48	113
40	40	120
40	38	108
40	38	100
40	38	108
40	44	108
40	42	98
40	38	131
40	38	106
40	40	105
40	38	133
40	36	132
40	38	111
40	42	76
40	40	87
40	42	142
40	44	77
40	38	105
40	38	105
40	36	128
40	40	113
40	44	115
40	36	103
40	40	120
40	46	134
40	40	131
40	38	80
40	46	134
40	36	83
40	42	106
40	38	128
40	38	132
40	40	105
40	40	110
40	38	103
40	32	131
40	38	125
40	36	81
40	42	108
40	36	110
40	46	88
40	40	128
40	38	107
40	38	83
40	40	114
40	40	89
40	40	84
40	36	132
40	42	98
40	38	133
40	36	86
40	38	97
40	38	97
40	40	100
40	46	80
40	42	97
40	38	109
40	40	83
40	36	104
40	40	86
40	34	133
40	34	104
40	40	83
40	36	86
40	46	105
40	38	84
40	36	88
40	38	125
40	36	106
40	40	76
40	36	77
40	40	110
40	38	76
40	36	114
40	42	83
40	42	123
40	34	83
40	40	83
40	34	83
40	42	164
40	40	99
40	38	111
40	36	82
40	40	130
40	44	113
40	42	88
40	42	116
40	36	85
40	38	131
40	40	85
40	40	85
40	40	106
40	34	81
40	36	83
40	36	105
40	38	115
40	40	77
40	42	100
40	38	130
40	38	86
40	38	85
40	36	103
40	40	89
40	38	104
40	36	132
40	38	77
40	40	105
40	36	110
40	38	80
40	36	87
40	36	132
40	38	87
40	36	83
40	38	110
40	40	105
40	38	115
40	40	79
40	40	104
40	46	82
40	40	128
40	38	83
40	38	83
40	38	110
40	38	116
40	40	83
40	38	104
40	38	128
40	36	104
40	38	81
40	40	81
40	42	111
40	38	89
40	36	90
40	36	133
40	40	85
40	38	81
40	36	88
40	38	128
40	40	105
40	36	104
40	44	89
40	36	133
40	36	106
40	40	85
40	36	114
40	38	130
40	36	99
40	38	111
40	40	117
40	36	89
40	40	131
40	50	88
40	36	115
40	38	109
40	42	128
40	36	104
40	42	105
40	38	84
40	40	105
40	38	130
40	40	79
40	38	110
40	36	111
40	44	123
40	40	105
40	38	89
40	40	108
40	40	120
40	36	88
40	36	114
40	36	108
40	38	111
40	36	83
40	40	142
40	40	120
40	38	131
40	40	105
40	42	87
40	38	83
40	40	85
40	40	83
40	40	77
40	38	133
40	38	109
40	38	110
40	38	108
40	38	117
40	36	99
40	38	125
40	38	81
40	34	81
40	40	89
40	40	100
40	38	114
40	40	133
40	38	77
40	38	81
40	34	110
40	42	116
40	34	131
40	42	76
40	42	131
40	46	134
40	36	133
40	34	100
40	38	117
40	40	103
40	44	87
40	38	142
40	46	134
40	42	113
40	40	131
40	34	86
40	36	90
40	40	89
40	38	105
40	38	85
40	34	110
40	48	113
40	32	133
40	42	84
40	44	113
40	40	105
40	38	131
40	38	106
40	34	131
40	42	115
40	38	104
40	44	84
40	40	105
40	38	128
40	42	105
40	38	82
40	38	110
40	34	104
40	40	79
40	42	105
40	42	85
40	46	88
40	36	87
40	36	86
40	38	107
40	40	116
40	38	105
40	38	104
40	40	85
40	42	98
40	38	123
40	38	109
40	36	87
40	40	85
40	40	133
40	36	99
40	40	130
40	42	109
40	40	85
40	40	87
40	38	89
40	36	103
40	44	117
40	38	100
40	40	80
40	36	132
40	40	104
40	38	114
40	36	82
40	38	108
40	40	105
40	42	113
40	42	108
40	40	85
40	38	131
40	32	83
40	38	106
40	38	133
40	34	110
40	40	130
40	38	132
40	42	79
40	44	115
40	38	123
40	40	132
40	38	105
40	30	104
40	38	105
40	38	83
40	34	108
40	42	130
40	40	133
40	38	104
40	38	110
40	44	105
40	36	99
40	38	132
40	38	80
40	38	89
40	34	108
40	40	123
40	36	108
40	42	123
40	38	105
40	40	100
40	38	89
40	38	85
40	40	113
40	36	81
40	36	100
40	42	98
40	40	120
40	38	100
40	40	104
40	40	120
40	36	108
40	38	116
40	40	108
40	42	88
40	38	80
40	38	133
40	38	83
40	38	142
40	34	133
40	38	131
40	50	113
40	38	77
40	34	89
40	42	116
40	38	104
40	36	104
40	38	110
40	42	85
40	44	97
40	40	116
40	38	86
40	40	116
40	42	81
40	38	104
40	40	89
40	40	114
40	38	132
40	38	105
40	42	84
40	40	106
40	40	115
40	34	104
40	38	116
40	46	84
40	38	109
40	38	117
40	36	131
40	38	89
40	40	116
40	36	108
40	40	105
40	34	89
40	38	84
40	40	104
40	44	113
40	38	104
40	38	133
40	36	83
40	40	106
40	40	84
40	44	110
40	40	106
40	40	116
40	36	104
40	38	77
40	42	82
40	34	108
40	42	108
40	40	116
40	40	105
40	46	134
40	40	89
40	36	133
40	40	105
40	40	83
40	36	133
40	46	85
40	32	106
40	36	131
40	38	82
40	36	131
40	46	134
40	42	99
40	44	88
40	38	104
40	38	100
40	42	106
40	36	108
40	34	133
40	38	133
40	42	87
40	42	132
40	36	104
40	38	110
40	34	77
40	40	105
40	40	79
40	40	104
40	42	87
40	44	88
40	40	107
40	38	100
40	40	132
40	44	85
40	38	104
40	38	109
40	44	123
40	40	128
40	38	86
40	40	87
40	44	117
40	36	132
40	38	103
40	38	131
40	44	131
40	42	98
40	40	108
40	40	106
40	38	103
40	38	133
40	40	87
40	42	97
40	40	142
40	38	99
40	40	131
40	40	116
40	40	104
40	38	131
40	34	132
40	36	86
40	36	128
40	40	164
40	46	108
40	42	83
40	34	104
40	38	89
40	40	106
40	38	104
40	38	142
40	40	108
40	48	113
40	38	131
40	38	117
40	42	76
40	42	88
40	38	109
40	44	108
40	40	142
40	40	85
40	36	106
40	36	85
40	40	164
40	42	76
40	42	128
40	40	83
40	36	83
40	38	108
40	44	98
40	40	108
40	36	111
40	40	164
40	42	89
40	38	115
40	38	133
40	34	108
40	40	106
40	44	104
40	44	133
40	36	83
40	38	107
40	40	106
40	42	123
40	38	77
40	40	111
40	38	132
40	40	106
40	40	83
40	36	111
40	34	110
40	38	100
40	36	110
40	36	133
40	38	110
40	36	90
40	38	104
40	42	83
40	38	130
40	46	85
40	40	105
40	38	110
40	36	131
40	36	105
40	42	105
40	40	87
40	36	108
40	40	85
40	36	83
40	40	105
40	40	119
40	34	100
40	46	84
40	38	115
40	34	77
40	44	116
40	38	133
40	36	104
40	38	89
40	42	88
40	36	82
40	38	81
40	38	111
40	40	107
40	46	134
40	46	134
40	40	84
40	40	105
40	40	85
40	40	115
40	42	85
40	38	89
40	36	105
40	38	132
40	36	110
40	36	128
40	42	98
40	40	100
40	40	105
40	40	83
40	40	110
40	40	105
40	40	105
40	40	87
40	34	100
40	38	89
40	40	105
40	48	113
40	36	77
40	42	88
40	38	105
40	40	105
40	34	100
40	38	131
40	36	81
40	40	142
40	38	84
40	38	90
40	38	89
40	40	111
40	36	90
40	36	83
40	40	81
40	38	164
40	42	119
40	42	111
40	40	164
40	40	109
40	38	104
40	42	108
40	40	84
40	42	115
40	38	125
40	36	133
40	32	110
40	40	108
40	38	100
40	42	108
40	44	77
40	38	89
40	38	109
40	38	115
40	36	131
40	40	79
40	40	79
40	40	88
40	38	77
40	38	83
40	42	114
40	38	130
40	42	97
40	40	116
40	42	83
40	40	85
40	40	116
40	40	85
40	38	77
40	36	83
40	40	108
40	38	142
40	40	83
40	38	76
40	40	108
40	44	76
40	42	119
40	36	86
40	38	125
40	40	128
40	36	108
40	38	81
40	48	113
40	38	83
40	42	85
40	42	116
40	36	83
40	46	134
40	42	164
40	34	131
40	32	131
40	42	104
40	38	81
40	36	87
40	34	110
40	32	83
40	46	134
40	44	82
40	38	105
40	38	100
40	42	84
40	40	104
40	38	87
40	36	105
40	40	116
40	38	110
40	42	117
40	44	105
40	40	133
40	42	142
40	42	84
40	40	105
40	34	133
40	38	123
40	38	108
40	42	98
40	36	88
40	40	105
40	42	76
40	46	134
40	40	84
40	36	132
40	44	84
40	42	85
40	40	104
40	36	100
40	38	85
40	40	164
40	36	83
40	42	120
40	32	131
40	44	85
40	40	132
40	42	85
40	46	134
40	38	130
40	38	142
40	38	109
40	38	89
40	40	105
40	44	85
40	46	84
40	38	130
40	38	110
40	36	133
40	36	117
40	40	120
40	40	105
40	38	111
40	40	119
40	40	132
40	42	116
40	38	110
40	38	109
40	40	89
40	38	128
40	42	123
40	38	115
40	36	104
40	38	100
40	40	105
40	40	117
40	44	116
40	46	111
40	36	113
40	40	116
40	38	133
40	38	83
40	36	131
40	38	100
40	40	85
40	38	89
40	40	132
40	38	89
40	42	111
40	38	130
40	32	131
40	42	84
40	40	85
40	32	83
40	38	116
40	42	120
40	42	88
40	40	108
40	38	99
40	38	142
40	40	119
40	40	133
40	48	84
40	36	111
40	40	105
40	36	108
40	42	132
40	40	164
40	42	98
40	38	142
40	38	115
40	36	131
40	40	100
40	40	86
40	40	84
40	46	88
40	38	109
40	36	104
40	36	128
40	40	97
40	40	120
40	50	98
40	32	104
40	40	105
40	38	125
40	40	128
40	36	103
40	38	115
40	36	111
40	42	104
40	42	88
40	38	123
40	46	134
40	38	128
40	38	85
40	40	128
40	42	87
40	38	106
40	40	89
40	38	111
40	36	82
40	40	110
40	38	89
40	38	128
40	36	77
40	44	105
40	36	83
40	38	130
40	38	131
40	38	131
40	42	98
40	42	164
40	42	123
40	44	103
40	38	133
40	40	115
40	34	110
40	40	97
40	38	90
40	40	116
40	44	84
40	40	116
40	46	108
40	42	88
40	38	85
40	36	99
40	40	79
40	40	116
40	40	76
40	48	106
40	42	79
40	40	116
40	36	104
40	40	132
40	36	99
40	40	116
40	42	111
40	38	85
40	40	100
40	38	108
40	38	89
40	36	87
40	38	108
40	40	99
40	40	120
40	40	97
40	42	82
40	42	83
40	38	131
40	34	81
40	36	128
40	44	84
40	40	88
40	36	88
40	38	117
40	34	104
40	40	108
40	34	90
40	40	105
40	40	80
40	42	106
40	40	132
40	40	120
40	38	117
40	44	123
40	36	77
40	40	89
40	36	133
40	40	79
40	36	106
40	36	110
40	38	128
40	38	116
40	40	83
40	40	79
40	40	87
40	32	131
40	40	105
40	40	119
40	42	83
40	34	104
40	40	120
40	44	89
40	38	132
40	38	108
40	40	116
40	38	86
40	36	85
40	46	134
40	40	120
40	42	105
40	38	105
40	38	83
40	36	128
40	38	85
40	40	105
40	32	132
40	40	116
40	36	100
40	40	85
40	36	111
40	38	105
40	42	113
40	38	83
40	36	83
40	36	110
40	38	104
40	42	105
40	38	83
40	40	107
40	38	108
40	36	132
40	40	104
40	40	81
40	36	131
40	40	142
40	38	114
40	42	89
40	42	104
40	40	85
40	36	77
40	38	116
40	34	86
40	40	130
40	36	128
40	40	81
40	40	97
40	40	82
40	40	110
40	34	83
40	46	115
40	38	100
40	36	100
40	40	116
40	42	81
40	32	131
40	38	132
40	40	88
40	38	100
40	40	82
40	48	134
40	40	133
40	38	133
40	40	99
40	34	83
40	36	89
40	42	84
40	38	142
40	38	83
40	38	81
40	40	108
40	38	82
40	36	113
40	38	125
40	36	115
40	38	142
40	40	114
40	36	88
40	36	115
40	38	133
40	38	123
40	40	87
40	38	109
40	42	108
40	40	79
40	38	99
40	40	113
40	40	89
40	40	79
40	40	116
40	38	115
40	36	85
40	40	89
40	38	111
40	32	106
40	38	104
40	42	106
40	36	133
40	42	111
40	38	117
40	38	90
40	40	89
40	42	87
40	42	98
40	36	83
40	36	132
40	38	84
40	36	110
40	36	104
40	40	105
40	42	123
40	38	108
40	42	164
40	38	116
40	38	111
40	38	111
40	40	119
40	40	106
40	40	110
40	42	84
40	38	115
40	38	142
40	40	130
40	40	119
40	42	123
40	40	85
40	40	108
40	40	104
40	40	111
40	36	110
40	42	105
40	40	87
40	38	105
40	42	116
40	40	116
40	40	105
40	42	104
40	40	104
40	36	86
40	46	116
40	36	85
40	36	81
40	40	131
40	38	132
40	40	108
40	40	99
40	42	87
40	38	105
40	42	106
40	36	89
40	34	131
40	42	123
40	36	87
40	40	104
40	40	105
40	40	105
40	40	85
40	38	83
40	32	100
40	34	110
40	40	80
40	34	131
40	38	83
40	42	87
40	38	128
40	40	110
40	38	110
40	40	110
40	36	105
40	38	87
40	40	108
40	38	99
40	38	89
40	38	84
40	38	116
40	40	114
40	36	133
40	44	89
40	38	76
40	40	104
40	44	108
40	40	108
40	40	84
40	36	104
40	36	106
40	40	108
40	38	133
40	40	106
40	40	116
40	40	81
40	36	133
40	36	115
40	40	106
40	36	117
40	40	79
40	40	133
40	40	107
40	42	108
40	40	83
40	40	128
40	38	131
40	42	104
40	34	133
40	42	87
40	38	107
40	46	104
40	42	123
40	40	88
40	36	110
40	38	100
40	32	106
40	38	133
40	36	99
40	40	142
40	38	128
40	40	119
40	34	132
40	38	108
40	38	82
40	36	110
40	34	132
40	36	81
40	40	77
40	38	84
40	38	110
40	38	77
40	38	108
40	38	80
40	36	103
40	42	98
40	38	111
40	38	132
40	38	88
40	36	132
40	40	83
40	36	133
40	42	98
40	36	108
40	42	104
40	40	130
40	42	85
40	40	133
40	38	104
40	42	110
40	38	131
40	46	110
40	36	133
40	40	108
40	44	125
40	40	131
40	38	89
40	34	132
40	40	104
40	38	104
40	42	105
40	36	82
40	42	88
40	40	142
40	38	104
40	40	117
40	40	133
40	36	104
40	38	107
40	42	113
40	38	105
40	38	115
40	38	89
40	40	99
40	36	110
40	36	89
40	38	110
40	42	89
40	40	104
40	42	98
40	42	88
40	38	131
40	40	85
40	40	164
40	40	85
40	34	132
40	42	107
40	38	77
40	38	87
40	42	84
40	38	89
40	42	105
40	38	105
40	38	109
40	42	98
40	36	83
40	38	106
40	40	89
40	36	104
40	40	115
40	38	116
40	42	85
40	40	111
40	40	100
40	36	111
40	42	108
40	40	104
40	38	110
40	40	105
40	38	87
40	36	83
40	46	134
40	36	104
40	42	98
40	36	113
40	44	115
40	38	97
40	40	119
40	40	89
40	40	108
40	38	80
40	46	83
40	40	104
40	44	108
40	40	110
40	40	88
40	38	90
40	36	83
40	42	85
40	40	89
40	36	131
40	40	105
40	40	105
40	38	81
40	40	119
40	40	104
40	38	80
40	38	125
40	34	100
40	44	100
40	40	108
40	40	83
40	40	105
40	42	80
40	40	116
40	42	87
40	46	79
40	38	103
40	36	105
40	40	105
40	38	113
40	40	105
40	40	110
40	38	128
40	40	85
40	38	142
40	38	83
40	38	103
40	42	88
40	40	105
40	36	110
40	40	111
40	44	88
40	34	100
40	40	103
40	40	105
40	34	87
40	40	125
40	40	128
40	42	116
40	36	82
40	38	108
40	48	97
40	36	133
40	40	97
40	38	104
40	36	104
40	38	100
40	40	116
40	42	81
40	38	128
40	34	131
40	38	108
40	40	114
40	38	76
40	38	105
40	40	108
40	38	130
40	36	85
40	36	128
40	34	83
40	36	86
40	38	81
40	40	119
40	36	131
40	46	134
40	46	87
40	38	83
40	38	108
40	42	105
40	38	115
40	42	98
40	40	105
40	36	103
40	36	85
40	38	113
40	40	83
40	42	88
40	38	104
40	40	164
40	40	119
40	40	132
40	40	105
40	36	100
40	38	110
40	40	79
40	38	132
40	42	76
40	40	119
40	38	113
40	40	123
40	38	89
40	42	133
40	40	105
40	38	83
40	40	87
40	40	128
40	38	104
40	38	110
40	38	104
40	42	83
40	40	105
40	42	108
40	38	99
40	42	84
40	38	107
40	40	87
40	40	85
40	36	105
40	42	83
40	36	117
40	38	88
40	42	108
40	34	133
40	34	133
40	38	110
40	40	116
40	40	83
40	34	133
40	44	125
40	38	104
40	40	105
40	38	84
40	38	106
40	38	117
40	36	83
40	38	108
40	38	109
40	42	116
40	40	104
40	36	100
40	34	104
40	38	80
40	36	111
40	38	83
40	36	90
40	38	130
40	30	104
40	44	88
40	42	97
40	40	83
40	38	164
40	32	86
40	42	98
40	42	84
40	38	84
40	36	132
40	36	81
40	42	87
40	34	104
40	40	83
40	42	123
40	38	128
40	42	104
40	40	105
40	42	85
40	38	142
40	38	83
40	40	88
40	40	111
40	40	85
40	36	85
40	38	99
40	36	83
40	38	104
40	34	110
40	42	106
40	36	133
40	38	133
40	40	87
40	38	113
40	40	142
40	34	104
40	40	132
40	36	103
40	40	80
40	40	114
40	38	104
40	38	110
40	40	99
40	40	115
40	42	116
40	38	104
40	36	105
40	40	87
40	36	88
40	38	132
40	42	85
40	38	108
40	40	142
40	38	89
40	34	132
40	36	105
40	40	164
40	40	133
40	38	104
40	38	104
40	42	120
40	36	87
40	34	106
40	40	128
40	34	89
40	42	84
40	38	88
40	36	82
40	36	110
40	38	110
40	38	105
40	42	116
40	38	90
40	40	85
40	42	85
40	38	131
40	42	83
40	40	120
40	40	87
40	40	120
40	40	83
40	38	83
40	38	123
40	34	108
40	38	125
40	38	131
40	38	105
40	36	105
40	40	104
40	40	107
40	38	83
40	40	104
40	36	99
40	38	81
40	40	79
40	38	115
40	46	133
40	38	81
40	40	87
40	32	131
40	42	107
40	38	82
40	40	105
40	40	132
40	34	110
40	42	164
40	38	131
40	38	105
40	34	81
40	36	85
40	34	83
40	42	83
40	44	84
40	38	87
40	40	164
40	40	104
40	46	142
40	42	130
40	46	134
40	44	113
40	38	104
40	34	106
40	40	108
40	34	104
40	36	105
40	42	83
40	36	99
40	38	105
40	36	87
40	42	88
40	34	104
40	38	116
40	38	142
40	38	103
40	40	106
40	40	108
40	40	107
40	40	123
40	36	81
40	40	105
40	40	97
40	40	80
40	36	104
40	38	115
40	40	114
40	40	77
40	34	110
40	40	82
40	38	108
40	38	77
40	42	99
40	38	142
40	42	88
40	32	106
40	38	104
40	38	142
40	40	100
40	42	88
40	36	105
40	36	105
40	34	100
40	40	105
40	36	111
40	40	120
40	42	128
40	40	85
40	38	89
40	34	77
40	38	142
40	36	104
40	40	119
40	40	105
40	40	106
40	38	130
40	48	84
40	34	77
40	44	84
40	40	83
40	42	116
40	38	84
40	40	116
40	36	104
40	38	116
40	38	104
40	36	104
40	34	108
40	38	104
40	38	97
40	42	87
40	42	113
40	38	105
40	36	131
40	36	110
40	38	80
40	42	84
40	38	83
40	42	98
40	36	89
40	40	104
40	38	132
40	38	81
40	42	105
40	38	128
40	36	104
40	44	123
40	36	87
40	40	117
40	38	128
40	40	100
40	38	123
40	36	111
40	42	84
40	46	88
40	38	108
40	34	81
40	38	104
40	40	85
40	36	90
40	40	84
40	40	104
40	42	88
40	46	103
40	38	87
40	34	104
40	40	116
40	38	130
40	36	103
40	38	83
40	40	111
40	40	103
40	40	85
40	42	98
40	40	105
40	40	119
40	42	123
40	36	104
40	48	113
40	34	104
40	38	108
40	42	123
40	40	119
40	38	133
40	40	119
40	44	117
40	38	108
40	38	104
40	42	128
40	40	111
40	40	120
40	48	134
40	36	133
40	38	109
40	38	105
40	38	87
40	36	104
40	38	133
40	40	79
40	46	134
40	42	89
40	38	104
40	42	98
40	42	88
40	36	100
40	42	128
40	46	82
40	42	115
40	44	77
40	40	106
40	38	81
40	40	85
40	40	106
40	40	85
40	38	81
40	42	84
40	40	85
40	36	128
40	42	81
40	40	105
40	42	100
40	38	110
40	36	83
40	40	116
40	38	109
40	46	113
40	36	108
40	38	82
40	38	83
40	38	89
40	38	115
40	40	105
40	36	132
40	38	87
40	36	103
40	38	100
40	40	106
40	36	88
40	38	116
40	42	105
40	38	105
40	34	83
40	40	85
40	38	115
40	36	83
40	40	128
40	40	106
40	42	108
40	38	105
40	38	81
40	38	86
40	42	106
40	34	90
40	38	83
40	44	88
40	40	131
40	38	83
40	40	128
40	42	98
40	38	131
40	38	108
40	44	84
40	40	133
40	38	87
40	36	83
40	36	114
40	40	120
40	40	105
40	38	128
40	42	89
40	36	104
40	40	83
40	38	125
40	36	133
40	42	113
40	38	99
40	40	120
40	42	85
40	38	130
40	38	105
40	40	108
40	42	106
40	40	111
40	38	130
40	34	110
40	42	123
40	38	117
40	40	119
40	38	81
40	40	119
40	34	86
40	46	89
40	40	120
40	34	89
40	40	85
40	38	128
40	42	87
40	44	119
40	38	110
40	42	125
40	40	120
40	36	104
40	40	83
40	40	116
40	38	111
40	38	86
40	40	128
40	34	131
40	40	82
40	36	117
40	42	128
40	38	105
40	40	114
40	42	85
40	42	116
40	42	117
40	42	98
40	38	80
40	48	134
40	32	110
40	40	131
40	38	132
40	40	90
40	38	111
40	36	110
40	36	108
40	40	130
40	40	106
40	40	120
40	42	88
40	36	77
40	38	89
40	38	110
40	34	90
40	40	83
40	38	86
40	42	123
40	38	131
40	38	164
40	46	87
40	38	111
40	36	108
40	36	110
40	42	105
40	40	142
40	40	79
40	42	116
40	40	116
40	34	110
40	32	83
40	32	100
40	44	113
40	38	84
40	40	83
40	40	79
40	38	104
40	34	133
40	42	142
40	34	110
40	38	131
40	40	104
40	36	132
40	40	109
40	40	105
40	44	84
40	40	106
40	32	131
40	40	80
40	36	103
40	40	80
40	38	131
40	38	77
40	38	105
40	40	83
40	36	81
40	42	87
40	36	100
40	42	164
40	40	87
40	34	131
40	38	103
40	40	99
40	42	87
40	48	113
40	40	108
40	38	86
40	48	108
40	36	108
40	36	131
40	34	131
40	34	77
40	40	105
40	38	104
40	38	83
40	38	104
40	36	132
40	36	99
40	38	108
40	38	100
40	36	83
40	40	85
40	40	120
40	40	104
40	40	104
40	38	110
40	38	105
40	42	116
40	40	85
40	42	98
40	42	106
40	40	97
40	38	80
40	34	131
40	40	105
40	38	105
40	38	109
40	38	130
40	36	83
40	46	89
40	42	82
40	38	87
40	46	134
40	38	117
40	38	110
40	36	104
40	44	84
40	36	77
40	40	104
40	40	105
40	34	131
40	42	88
40	40	142
40	38	108
40	40	128
40	38	105
40	40	83
40	36	105
40	40	83
40	42	88
40	36	111
40	34	100
40	38	87
40	40	116
40	44	113
40	46	84
40	42	164
40	36	111
40	40	87
40	40	106
40	36	99
40	44	89
40	42	104
40	38	123
40	38	132
40	38	80
40	42	79
40	36	90
40	36	85
40	40	109
40	38	114
40	40	107
40	40	87
40	36	105
40	42	76
40	42	81
40	42	104
40	38	83
40	40	116
40	42	84
40	40	116
40	40	106
40	42	98
40	42	85
40	36	104
40	38	83
40	38	83
40	40	87
40	40	79
40	40	142
40	40	76
40	40	123
40	38	89
40	42	84
40	36	103
40	40	106
40	38	104
40	40	113
40	42	116
40	44	115
40	40	110
40	38	117
40	38	128
40	36	99
40	42	108
40	42	87
40	38	89
40	34	86
40	42	85
40	38	100
40	32	87
40	46	82
40	42	106
40	42	103
40	40	77
40	36	117
40	34	83
40	40	105
40	42	105
40	40	103
40	40	128
40	40	120
40	42	105
40	40	105
40	32	86
40	48	97
40	40	85
40	40	103
40	46	128
40	38	108
40	38	108
40	40	83
40	40	116
40	36	83
40	40	114
40	36	133
40	36	111
40	38	84
40	36	85
40	38	115
40	44	84
40	42	113
40	38	107
40	40	79
40	40	100
40	40	106
40	42	113
40	34	110
40	36	104
40	40	119
40	36	100
40	38	105
40	40	83
40	40	119
40	42	97
40	36	133
40	36	131
40	40	85
40	38	108
40	40	115
40	40	83
40	36	83
40	36	81
40	38	109
40	34	104
40	36	104
40	38	86
40	38	104
40	40	106
40	40	79
40	36	105
40	38	131
40	38	87
40	36	115
40	38	131
40	38	103
40	46	120
40	40	108
40	40	106
40	38	97
40	34	77
40	36	105
40	34	100
40	38	128
40	42	87
40	44	108
40	38	105
40	40	88
40	38	88
40	42	83
40	42	98
40	44	130
40	36	86
40	40	113
40	38	107
40	34	77
40	38	85
40	42	83
40	40	116
40	36	133
40	36	104
40	36	82
40	42	85
40	42	128
40	42	88
40	34	100
40	36	133
40	36	111
40	42	116
40	42	88
40	38	115
40	40	105
40	36	108
40	34	77
40	38	80
40	38	132
40	40	123
40	40	83
40	42	164
40	42	87
40	40	105
40	38	130
40	34	133
40	34	83
40	40	131
40	38	142
40	38	86
40	38	83
40	36	86
40	38	111
40	38	104
40	46	84
40	38	90
40	40	115
40	38	111
40	40	89
40	40	111
40	42	99
40	38	116
40	42	98
40	40	120
40	40	100
40	34	133
40	42	89
40	42	103
40	38	90
40	40	79
40	38	123
40	38	111
40	38	108
40	40	83
40	38	131
40	38	106
40	36	108
40	38	111
40	38	87
40	42	119
40	38	111
40	40	86
40	40	76
40	38	108
40	32	83
40	38	89
40	40	81
40	36	133
40	40	110
40	40	86
40	38	97
40	36	83
40	42	111
40	38	114
40	36	87
40	36	110
40	32	100
40	38	103
40	34	77
40	40	107
40	36	105
40	42	107
40	42	123
40	40	116
40	32	104
40	32	133
40	36	108
40	40	116
40	38	87
40	44	131
40	36	110
40	38	113
40	36	87
40	44	116
40	38	117
40	40	80
40	42	119
40	46	79
40	34	81
40	42	85
40	42	116
40	38	89
40	38	133
40	42	76
40	34	108
40	38	107
40	42	98
40	40	109
40	40	108
40	34	83
40	36	77
40	42	128
40	40	123
40	34	133
40	40	84
40	42	88
40	36	131
40	34	131
40	38	84
40	42	98
40	38	100
40	40	83
40	42	83
40	34	77
40	42	86
40	42	105
40	34	133
40	38	128
40	38	104
40	42	116
40	38	125
40	40	108
40	40	83
40	38	80
40	40	89
40	42	98
40	40	119
40	42	85
40	46	134
40	42	116
40	34	110
40	38	105
40	40	89
40	42	98
40	36	115
40	38	105
40	38	87
40	40	89
40	36	77
40	32	90
40	36	133
40	42	84
40	38	107
40	38	85
40	44	103
40	42	105
40	36	117
40	36	132
40	34	131
40	46	134
40	32	106
40	36	87
40	38	142
40	38	133
40	34	131
40	38	131
40	40	133
40	38	105
40	34	104
40	40	131
40	34	83
40	40	83
40	36	115
40	38	133
40	38	111
40	38	110
40	36	83
40	34	89
40	36	81
40	40	116
40	34	133
40	38	104
40	40	164
40	38	133
40	42	119
40	42	105
40	46	116
40	42	98
40	36	131
40	44	131
40	42	116
40	36	133
40	38	114
40	38	88
40	36	104
40	42	142
40	38	76
40	38	83
40	40	132
40	42	123
40	40	120
40	36	89
40	40	83
40	38	105
40	40	105
40	40	119
40	36	100
40	40	82
40	40	99
40	38	105
40	42	76
40	36	82
40	38	130
40	36	83
40	42	120
40	46	79
40	40	83
40	38	81
40	44	88
40	40	104
40	40	100
40	38	83
40	40	83
40	36	106
40	38	104
40	42	86
40	40	87
40	40	106
40	40	105
40	38	133
40	40	116
40	42	100
40	40	108
40	36	111
40	40	106
40	42	85
40	36	103
40	40	85
40	40	87
40	38	107
40	40	116
40	42	105
40	36	110
40	38	105
40	40	120
40	46	134
40	40	87
40	36	108
40	42	85
40	34	83
40	34	83
40	36	104
40	42	117
40	38	104
40	36	114
40	40	104
40	38	130
40	36	90
40	42	119
40	38	97
40	38	105
40	38	89
40	42	116
40	40	119
40	38	105
40	38	83
40	36	104
40	40	85
40	38	133
40	42	119
40	38	97
40	40	97
40	38	113
40	42	106
40	40	104
40	38	128
40	36	105
40	38	104
40	42	82
40	38	131
40	40	116
40	40	115
40	38	82
40	42	106
40	34	104
40	34	104
40	42	89
40	40	110
40	46	89
40	36	83
40	40	133
40	40	89
40	38	108
40	34	83
40	40	105
40	40	130
40	40	106
40	40	130
40	40	106
40	40	114
40	40	83
40	36	133
40	40	105
40	38	85
40	40	107
40	36	111
40	38	110
40	36	105
40	40	105
40	36	131
40	40	105
40	38	110
40	38	89
40	42	108
40	40	80
40	38	128
40	46	88
40	38	108
40	40	142
40	42	113
40	38	133
40	38	89
40	34	104
40	34	132
40	40	77
40	34	131
40	32	100
40	48	113
40	42	85
40	36	90
40	36	82
40	38	115
40	34	133
40	40	131
40	38	131
40	36	81
40	42	123
40	38	89
40	36	100
40	38	105
40	40	116
40	38	88
40	34	131
40	40	116
40	36	81
40	36	115
40	40	104
40	38	133
40	38	107
40	40	87
40	40	105
40	40	87
40	46	134
40	38	105
40	34	133
40	40	108
40	44	116
40	40	128
40	34	131
40	36	105
40	38	128
40	46	88
40	36	131
40	42	88
40	38	114
40	36	83
40	36	133
40	34	132
40	40	131
40	40	125
40	36	133
40	46	84
40	36	131
40	42	79
40	42	88
40	38	115
40	38	132
40	40	88
40	38	128
40	44	113
40	38	133
40	38	84
40	38	128
40	36	110
40	40	111
40	38	86
40	40	106
40	40	111
40	40	82
40	36	104
40	40	109
40	40	117
40	34	132
40	40	105
40	34	100
40	34	133
40	40	130
40	36	133
40	38	123
40	44	116
40	44	84
40	40	77
40	38	123
40	38	115
40	40	83
40	42	88
40	40	89
40	40	116
40	34	104
40	40	105
40	36	99
40	38	105
40	40	76
40	40	123
40	38	81
40	40	87
40	38	128
40	40	116
40	36	111
40	34	86
40	36	105
40	42	128
40	40	131
40	38	85
40	38	104
40	40	105
40	38	80
40	32	86
40	46	134
40	38	97
40	38	107
40	40	133
40	42	106
40	40	99
40	38	90
40	38	105
40	40	85
40	40	105
40	42	109
40	40	83
40	40	100
40	40	106
40	40	120
40	38	85
40	32	86
40	38	85
40	38	107
40	38	104
40	32	87
40	38	77
40	40	116
40	34	104
40	42	105
40	36	114
40	34	86
40	40	119
40	42	104
40	38	133
40	40	115
40	42	89
40	44	84
40	42	107
40	46	88
40	46	110
40	42	108
40	42	106
40	38	81
40	38	115
40	46	98
40	36	82
40	38	89
40	38	133
40	40	97
40	38	99
40	36	104
40	40	108
40	38	86
40	46	134
40	38	84
40	40	131
40	42	108
40	42	164
40	40	105
40	42	84
40	40	120
40	42	123
40	42	83
40	38	114
40	42	115
40	40	97
40	38	108
40	38	110
40	44	116
40	36	104
40	34	87
40	38	142
40	50	113
40	36	81
40	38	105
40	42	84
40	36	133
40	40	89
40	42	120
40	38	123
40	38	100
40	36	110
40	42	98
40	42	98
40	40	119
40	38	85
40	46	134
40	40	105
40	40	85
40	36	131
40	42	87
40	44	108
40	38	76
40	38	77
40	40	81
40	36	110
40	42	98
40	36	115
40	42	84
40	42	116
40	40	114
40	38	106
40	40	85
40	38	90
40	38	109
40	36	104
40	40	120
40	50	113
40	38	132
40	44	113
40	40	131
40	40	130
40	40	164
40	40	105
40	40	133
40	38	142
40	38	87
40	40	113
40	40	106
40	44	113
40	34	131
40	38	81
40	38	142
40	36	110
40	40	164
40	40	79
40	38	133
40	40	104
40	34	100
40	36	83
40	42	98
40	40	114
40	42	98
40	40	79
40	36	104
40	38	125
40	44	108
40	38	133
40	36	131
40	38	131
40	36	111
40	50	116
40	46	84
40	42	86
40	38	108
40	42	98
40	40	76
40	40	116
40	34	89
40	40	76
40	36	104
40	36	86
40	38	104
40	42	85
40	40	82
40	38	104
40	44	76
40	40	104
40	44	104
40	38	108
40	40	79
40	42	87
40	42	87
40	40	82
40	38	111
40	36	132
40	36	81
40	42	105
40	38	105
40	36	108
40	36	83
40	38	87
40	36	83
40	44	100
40	34	110
40	38	77
40	46	83
40	40	110
40	36	131
40	40	77
40	38	130
40	36	81
40	40	114
40	40	89
40	40	108
40	42	82
40	32	106
40	38	108
40	40	116
40	42	87
40	36	104
40	38	105
40	42	79
40	40	83
40	38	105
40	40	119
40	34	86
40	40	79
40	40	80
40	38	110
40	38	113
40	38	84
40	42	113
40	38	110
40	38	109
40	36	133
40	40	120
40	42	85
40	40	97
40	42	82
40	42	83
40	34	131
40	40	109
40	40	109
40	38	80
40	38	128
40	40	110
40	38	142
40	38	107
40	40	86
40	40	110
40	40	111
40	42	120
40	32	106
40	38	97
40	40	76
40	36	105
40	42	83
40	40	85
40	36	114
40	46	134
40	38	87
40	46	123
40	40	110
40	38	109
40	40	83
40	38	107
40	38	130
40	38	87
40	42	131
40	38	108
40	38	97
40	42	98
40	38	116
40	42	108
40	38	113
40	38	87
40	40	115
40	38	108
40	46	134
40	38	90
40	34	90
40	40	133
40	44	164
40	40	119
40	36	81
40	40	80
40	38	107
40	38	111
40	40	120
40	42	88
40	40	116
40	38	105
40	36	104
40	36	103
40	38	90
40	40	128
40	40	79
40	40	110
40	38	81
40	40	79
40	34	133
40	42	105
40	38	133
40	36	81
40	38	100
40	44	87
40	36	131
40	40	110
40	34	104
40	40	84
40	42	88
40	36	131
40	36	115
40	38	132
40	46	88
40	38	111
40	36	111
40	40	108
40	34	131
40	36	89
40	40	88
40	34	87
40	36	81
40	36	105
40	44	116
40	40	86
40	36	115
40	38	83
40	38	125
40	40	106
40	36	128
40	38	106
40	42	84
40	40	87
40	40	113
40	40	164
40	44	84
40	36	104
40	42	105
40	38	105
40	38	83
40	46	84
40	38	105
40	40	105
40	38	103
40	46	113
40	40	109
40	40	85
40	36	133
40	36	99
40	44	84
40	38	130
40	40	110
40	40	125
40	36	111
40	38	131
40	40	105
40	54	113
40	44	85
40	38	114
40	38	116
40	38	83
40	46	113
40	38	115
40	36	77
40	36	81
40	40	103
40	40	106
40	38	82
40	38	105
40	36	111
40	42	83
40	34	87
40	38	116
40	38	99
40	40	83
40	44	99
40	36	110
40	40	105
40	38	104
40	42	98
40	42	88
40	44	105
40	38	107
40	36	131
40	40	104
40	40	106
40	40	100
40	38	88
40	42	76
40	42	104
40	42	99
40	40	117
40	38	97
40	36	103
40	40	108
40	40	81
40	38	100
40	36	133
40	38	89
40	34	104
40	40	116
40	40	130
40	36	131
40	40	85
40	36	110
40	38	83
40	36	103
40	40	125
40	40	83
40	34	100
40	38	128
40	42	84
40	34	106
40	38	83
40	48	164
40	36	117
40	46	123
40	38	104
40	38	114
40	38	125
40	38	108
40	38	164
40	44	84
40	38	100
40	40	120
40	40	81
40	38	77
40	38	87
40	32	110
40	42	90
40	38	108
40	38	130
40	38	132
40	38	76
40	42	106
40	38	108
40	42	108
40	42	97
40	38	100
40	38	125
40	40	105
40	36	104
40	36	113
40	40	130
40	40	83
40	40	142
40	42	97
40	38	104
40	38	83
40	38	83
40	38	81
40	44	119
40	38	123
40	44	88
40	38	83
40	42	164
40	40	142
40	38	105
40	34	100
40	36	104
40	36	87
40	44	87
40	36	133
40	42	84
40	34	133
40	38	82
40	44	85
40	38	89
40	42	164
40	36	104
40	40	119
40	40	105
40	42	131
40	42	108
40	38	111
40	40	79
40	42	128
40	42	85
40	40	116
40	40	105
40	36	131
40	36	90
40	36	115
40	46	134
40	36	83
40	44	87
40	42	98
40	38	116
40	34	77
40	44	84
40	36	83
40	46	99
40	42	123
40	40	142
40	42	99
40	40	111
40	42	99
40	42	120
40	40	89
40	36	115
40	38	77
40	40	119
40	38	103
40	36	128
40	46	84
40	40	105
40	38	108
40	42	84
40	36	110
40	38	115
40	38	133
40	40	100
40	42	105
40	34	86
40	38	87
40	40	104
40	40	76
40	36	113
40	36	132
40	34	77
40	40	85
40	40	88
40	40	87
40	40	104
40	40	89
40	38	132
40	40	116
40	36	132
40	38	89
40	38	76
40	40	105
40	40	100
40	38	142
40	38	110
40	46	84
40	36	133
40	38	108
40	36	104
40	42	84
40	38	111
40	42	108
40	38	111
40	36	87
40	38	131
40	34	133
40	40	119
40	38	133
40	38	164
40	36	110
40	48	84
40	42	105
40	34	108
40	42	88
40	38	123
40	38	84
40	38	97
40	38	89
40	40	87
40	36	131
40	34	104
40	38	108
40	36	117
40	40	85
40	38	116
40	38	128
40	38	108
40	40	164
40	42	108
40	40	119
40	42	76
40	38	84
40	42	84
40	40	85
40	36	106
40	40	128
40	42	123
40	36	77
40	42	87
40	38	89
40	40	88
40	38	103
40	40	130
40	40	132
40	40	104
40	36	100
40	42	108
40	42	97
40	40	104
40	42	120
40	36	89
40	38	131
40	36	83
40	42	108
40	42	109
40	36	133
40	40	79
40	38	117
40	48	113
40	40	90
40	38	83
40	42	87
40	42	88
40	40	84
40	40	84
40	34	110
40	38	80
40	34	131
40	38	106
40	40	99
40	32	131
40	36	104
40	34	133
40	40	105
40	36	87
40	36	105
40	36	103
40	34	132
40	40	108
40	38	107
40	38	131
40	38	164
40	42	111
40	42	111
40	40	89
40	38	100
40	36	117
40	40	85
40	38	83
40	38	87
40	32	131
40	36	81
40	36	83
40	38	107
40	38	104
40	42	89
40	40	106
40	44	89
40	34	77
40	38	115
40	38	128
40	38	100
40	40	133
40	40	114
40	38	128
40	48	84
40	40	76
40	40	128
40	40	131
40	38	109
40	38	87
40	38	104
40	40	100
40	40	108
40	40	104
40	40	128
40	38	132
40	38	111
40	46	134
40	36	133
40	42	131
40	38	110
40	42	113
40	40	83
40	38	89
40	38	105
40	40	130
40	34	87
40	42	108
40	38	83
40	38	103
40	40	117
40	38	86
40	42	111
40	42	88
40	32	110
40	38	108
40	42	85
40	42	83
40	42	98
40	40	142
40	40	108
40	42	164
40	38	83
40	38	104
40	38	133
40	38	76
40	34	133
40	34	110
40	42	76
40	38	83
40	34	110
40	40	116
40	38	131
40	38	108
40	40	89
40	34	104
40	40	106
40	36	88
40	46	105
40	38	142
40	36	103
40	40	119
40	38	82
40	42	116
40	42	116
40	40	119
40	38	89
40	38	99
40	38	133
40	42	110
40	38	104
40	44	84
40	40	116
40	38	131
40	34	108
40	38	108
40	40	79
40	40	117
40	40	110
40	46	89
40	38	164
40	40	120
40	42	79
40	42	128
40	44	87
40	38	133
40	34	131
40	40	119
40	44	89
40	44	164
40	38	131
40	40	83
40	36	128
40	40	111
40	44	98
40	40	104
40	40	85
40	42	120
40	38	104
40	42	80
40	36	114
40	40	116
40	38	130
40	40	79
40	38	133
40	38	80
40	42	116
40	38	89
40	40	83
40	36	111
40	42	76
40	42	89
40	38	83
40	40	117
40	42	97
40	40	117
40	38	105
40	34	81
40	40	131
40	38	114
40	40	105
40	40	85
100	52	207
100	48	222
100	48	223
100	48	224
100	54	272
100	48	205
100	50	306
100	58	244
100	52	224
100	54	244
100	52	241
100	56	205
100	52	290
100	52	246
100	50	202
100	50	205
100	52	224
100	54	205
100	58	222
100	54	209
100	48	308
100	52	227
100	50	290
100	56	223
100	50	226
100	56	341
100	50	246
100	50	306
100	50	227
100	50	305
100	54	246
100	50	306
100	54	202
100	48	226
100	50	215
100	50	222
100	50	247
100	52	220
100	50	202
100	52	319
100	54	223
100	54	222
100	54	290
100	50	306
100	48	244
100	54	227
100	50	293
100	50	209
100	52	224
100	52	369
100	48	226
100	52	369
100	56	227
100	52	246
100	54	319
100	56	224
100	50	290
100	50	226
100	52	205
100	50	207
100	56	272
100	52	247
100	52	306
100	58	272
100	56	369
100	48	227
100	56	244
100	52	246
100	56	304
100	54	223
100	50	306
100	52	244
100	52	223
100	54	226
100	52	246
100	56	244
100	52	227
100	54	207
100	54	227
100	50	222
100	52	224
100	50	222
100	54	209
100	48	290
100	48	207
100	48	306
100	50	205
100	56	246
100	50	226
100	48	246
100	54	272
100	56	369
100	54	341
100	48	209
100	54	272
100	50	308
100	54	207
100	50	304
100	52	205
100	48	207
100	54	224
100	48	290
100	48	205
100	54	227
100	52	305
100	54	341
100	52	223
100	54	341
100	46	227
100	54	246
100	50	246
100	54	244
100	54	247
100	52	306
100	52	319
100	54	290
100	50	290
100	54	224
100	54	224
100	54	319
100	52	209
100	54	247
100	50	222
100	56	209
100	52	319
100	54	319
100	50	223
100	52	241
100	50	290
100	50	202
100	50	209
100	50	202
100	54	241
100	54	223
100	48	209
100	52	293
100	48	220
100	56	244
100	54	341
100	50	202
100	54	223
100	54	246
100	56	226
100	48	308
100	50	290
100	50	293
100	50	226
100	50	209
100	50	293
100	54	341
100	50	222
100	50	202
100	54	246
100	54	341
100	52	215
100	56	241
100	54	227
100	52	290
100	52	246
100	54	341
100	48	306
100	50	306
100	50	246
100	52	306
100	54	272
100	52	205
100	58	272
100	52	246
100	58	246
100	52	246
100	52	290
100	54	369
100	50	226
100	56	205
100	52	304
100	50	205
100	52	369
100	52	241
100	54	224
100	50	222
100	54	207
100	52	369
100	50	207
100	54	246
100	50	246
100	48	207
100	50	223
100	52	306
100	48	227
100	50	202
100	54	293
100	54	319
100	56	209
100	50	246
100	50	209
100	48	306
100	54	227
100	50	226
100	50	202
100	52	290
100	54	305
100	50	306
100	48	226
100	52	304
100	52	226
100	48	226
100	50	223
100	50	305
100	52	247
100	50	215
100	52	224
100	50	306
100	50	222
100	48	246
100	48	222
100	56	306
100	54	222
100	56	226
100	50	224
100	48	207
100	56	205
100	52	226
100	50	222
100	56	205
100	54	241
100	48	222
100	48	227
100	54	319
100	54	227
100	48	209
100	50	308
100	52	207
100	52	227
100	52	223
100	52	293
100	54	319
100	52	304
100	50	226
100	46	205
100	54	246
100	58	223
100	54	222
100	52	207
100	50	304
100	54	293
100	52	246
100	52	246
100	52	305
100	54	246
100	54	223
100	54	226
100	56	246
100	52	244
100	54	226
100	48	222
100	54	227
100	50	202
100	50	244
100	54	207
100	56	244
100	56	223
100	54	306
100	50	205
100	54	293
100	54	222
100	50	306
100	56	220
100	48	247
100	52	227
100	48	290
100	58	369
100	54	341
100	54	241
100	52	205
100	52	246
100	52	226
100	50	202
100	54	241
100	48	222
100	50	215
100	54	246
100	56	202
100	52	290
100	54	305
100	50	209
100	58	246
100	54	241
100	50	209
100	50	246
100	52	222
100	48	226
100	52	205
100	50	306
100	54	222
100	50	227
100	52	306
100	52	244
100	52	306
100	50	304
100	54	369
100	52	241
100	52	222
100	48	306
100	50	207
100	50	202
100	52	226
100	54	226
100	52	290
100	52	290
100	54	227
100	50	202
100	48	224
100	50	202
100	56	215
100	50	305
100	54	272
100	56	222
100	50	223
100	52	305
200	66	525
200	68	546
200	68	582
200	66	635
200	74	543
200	70	608
200	68	564
200	68	566
200	76	568
200	68	564
200	72	596
200	70	566
200	68	532
200	74	608
200	68	566
200	68	543
200	66	533
200	70	529
200	68	635
200	68	536
200	68	533
200	76	596
200	68	568
200	68	528
200	72	726
200	70	400
200	68	492
200	70	518
200	64	533
200	68	635
200	62	545
200	68	596
200	70	525
200	66	614
200	66	568
200	66	637
200	72	536
200	68	614
200	66	543
200	68	564
200	70	637
200	74	637
200	70	525
200	70	400
200	78	645
200	70	605
200	76	630
200	68	525
200	76	614
200	74	568
200	68	525
200	72	627
200	66	536
200	70	605
200	72	611
200	68	635
200	74	532
200	68	626
200	68	400
200	72	613
200	66	635
200	68	540
200	68	601
200	66	528
200	68	616
200	70	626
200	68	601
200	66	613
200	66	568
200	68	545
200	66	572
200	74	546
200	74	635
200	74	630
200	70	613
200	66	568
200	66	543
200	72	635
200	68	605
200	70	613
200	68	611
200	72	635
200	74	525
200	68	532
200	68	493
200	80	630
200	72	620
200	68	616
200	66	600
200	66	568
200	74	614
200	68	525
200	74	400
200	68	605
200	72	726
200	66	568
200	66	601
200	66	572
200	66	546
200	72	620
200	72	620
200	70	582
200	68	620
200	74	492
200	68	611
200	70	627
200	72	582
200	74	546
200	70	492
200	68	611
200	72	626
200	68	611
200	70	545
200	66	492
200	64	528
200	72	492
200	66	545
200	72	596
200	64	572
200	66	601
200	68	546
200	68	532
200	68	634
200	64	525
200	68	533
200	70	600
200	70	536
200	64	572
200	74	400
200	68	540
200	70	525
200	66	528
200	66	546
200	70	564
200	70	529
200	68	546
200	68	596
200	64	566
200	74	492
200	66	613
200	72	528
200	68	611
200	64	533
200	68	596
200	62	533
200	68	525
200	74	529
200	66	635
200	68	613
200	68	613
200	68	611
200	76	492
200	68	614
200	68	532
200	70	568
200	68	601
200	70	525
200	68	601
200	74	626
200	68	525
200	64	572
200	70	620
200	66	613
200	68	614
200	70	533
200	72	582
200	80	493
200	66	572
200	66	518
200	70	400
200	68	564
200	74	637
200	66	564
200	66	601
200	72	540
200	74	600
200	76	611
200	68	626
200	66	614
200	62	545
200	64	528
200	70	626
200	68	611
200	68	637
200	66	518
200	72	630
200	68	616
200	70	546
200	68	564
200	68	533
200	68	529
200	62	543
200	66	614
200	68	613
200	68	645
200	66	492
200	72	620
200	68	608
200	68	518
200	68	600
200	68	613
200	70	637
200	70	620
200	68	600
200	70	637
200	70	518
200	70	525
200	68	616
200	66	525
200	74	540
200	68	525
200	70	532
200	68	605
200	72	620
200	68	546
200	64	533
200	74	620
200	66	540
200	68	605
200	76	596
200	76	616
200	70	493
200	66	529
200	76	582
200	72	613
200	68	613
200	68	400
200	72	634
200	68	608
200	72	493
200	66	620
200	74	630
200	72	400
200	66	614
200	72	634
200	70	540
200	70	611
200	64	546
200	70	645
200	70	630
200	74	518
200	70	620
200	72	540
200	66	614
200	68	613
200	64	528
200	70	613
200	66	613
200	70	620
200	68	613
200	70	635
200	68	525
200	66	543
200	68	536
200	68	525
200	66	543
200	70	532
200	74	605
200	70	529
200	64	564
200	68	582
200	74	637
200	70	564
200	68	596
200	70	608
200	70	630
200	66	518
200	66	566
200	66	611
200	70	634
200	64	600
200	68	645
200	72	627
200	70	627
200	68	614
200	70	614
200	72	726
200	62	533
200	66	529
200	68	525
200	68	627
200	76	616
200	70	645
200	74	634
200	68	600
200	72	634
200	70	529
200	72	626
200	74	525
200	68	605
200	70	532
200	68	600
200	70	608
200	68	546
200	72	596
200	72	630
200	76	536
200	74	620
200	74	493
200	70	620
200	70	596
200	66	637
200	68	546
200	70	611
200	78	726
200	72	726
200	66	613
200	70	613
200	68	626
200	64	528
200	66	546
200	66	546
200	66	543
200	70	626
200	64	529
200	70	611
200	72	493
200	68	620
200	68	620
200	72	630
200	66	566
200	68	546
200	66	635
200	68	611
200	64	532
200	68	543
200	68	611
200	76	637
200	66	572
200	70	634
200	70	616
200	68	540
200	64	533
200	68	528
200	68	518
200	72	645
200	70	518
200	72	525
200	66	536
200	70	626
200	70	543
200	70	529
200	70	518
200	74	493
200	68	611
200	72	518
200	68	600
200	76	608
200	72	525
200	76	616
200	74	611
200	68	620
200	68	596
200	66	613
200	72	492
200	68	634
200	66	627
200	76	493
200	74	525
200	76	493
200	70	528
200	66	564
200	66	613
200	68	613
200	64	545
200	70	545
200	68	545
200	72	645
200	74	566
200	68	600
200	68	546
200	66	533
200	70	545
200	72	645
200	72	626
200	68	605
200	70	525
200	76	518
200	78	400
200	70	546
200	74	605
200	70	645
200	70	601
200	66	543
200	70	532
200	72	528
200	68	608
200	68	620
200	70	572
200	70	528
200	66	533
200	70	518
200	66	601
200	72	627
200	66	543
200	68	637
200	68	611
200	72	613
200	64	528
200	74	400
200	74	536
200	72	525
200	74	611
200	70	601
200	72	525
200	74	493
200	68	620
200	68	614
200	70	572
200	68	529
200	66	634
200	66	572
200	72	543
200	64	525
200	68	528
200	68	518
200	66	613
200	68	492
200	68	525
200	68	626
200	76	492
200	70	566
200	72	630
200	64	546
200	68	540
200	68	620
200	70	620
200	70	613
200	68	601
200	70	564
200	78	626
200	68	601
200	76	637
200	70	627
200	66	568
200	68	546
200	66	492
200	66	611
200	68	611
200	66	525
200	70	533
300	84	874
300	82	1108
300	80	801
300	82	824
300	88	918
300	82	775
300	86	783
300	86	783
300	80	909
300	78	877
300	80	898
300	82	874
300	80	877
300	78	877
300	84	1108
